# Directed graph (each unordered pair of nodes is saved once): facebook_combined.txt

# Information about the newly-created network is:
Name: 
Type: Graph
Number of nodes: 4039
Number of edges: 88234
Average degree:  43.6910

# Compute the following node measures:

# Top 10 nodes by degree centrality:
(107, 0.258791480931154) 
(1684, 0.1961367013372957) 
(1912, 0.18697374938088163) 
(3437, 0.13546310054482416) 
(0, 0.08593363051015354) 
(2543, 0.07280832095096582) 
(2347, 0.07206537890044576) 
(1888, 0.0629024269440317) 
(1800, 0.06067360079247152) 
(1663, 0.058197127290737984) 
 
# Top 10 nodes by closeness centrality: 
(107, 0.45969945355191255) 
(58, 0.3974018305284913) 
(428, 0.3948371956585509) 
(563, 0.3939127889961955) 
(1684, 0.39360561458231796) 
(171, 0.37049270575282134) 
(348, 0.36991572004397216) 
(483, 0.3698479575013739) 
(414, 0.3695433330282786) 
(376, 0.36655773420479304) 
 
# Top 10 nodes by betweenness centrality: 
(107, 0.4805180785560145) 
(1684, 0.3377974497302) 
(3437, 0.23611535735892794) 
(1912, 0.22929533958687845) 
(1085, 0.14901509211665237) 
(0, 0.14630592147442847) 
(698, 0.11533045020560787) 
(567, 0.09631033121856226) 
(58, 0.08436020590796656) 
(428, 0.0643090623932386) 
 
# Top 10 nodes by Eigenvector centrality:
(1912, 0.09540696149067635)
(2266, 0.08698327767886556)
(2206, 0.08605239270584346)
(2233, 0.08517340912756602)
(2464, 0.08427877475676095)
(2142, 0.084193118979918)
(2218, 0.08415573568055035)
(2078, 0.08413617041724979)
(2123, 0.08367141238206227)
(1993, 0.08353242840815973)
 
# Top 10 nodes by Pagerank centrality: 
(3437, 0.007614586844749602) 
(107, 0.006936420955866113) 
(1684, 0.006367162138306825) 
(0, 0.006289602618466542) 
(1912, 0.0038769716008844957) 
(348, 0.002348096972780577) 
(686, 0.0022193592598000193) 
(3980, 0.0021703235790099928) 
(414, 0.0018002990470702264) 
(698, 0.0013171153138368812) 
 
# Top 500 nodes by Clustering centrality
(32, 1.0) 
(33, 1.0) 
(35, 1.0) 
(42, 1.0) 
(44, 1.0) 
(46, 1.0) 
(47, 1.0) 
(52, 1.0) 
(63, 1.0) 
(70, 1.0) 
(71, 1.0) 
(76, 1.0) 
(78, 1.0) 
(86, 1.0) 
(90, 1.0) 
(102, 1.0) 
(110, 1.0) 
(112, 1.0) 
(131, 1.0) 
(135, 1.0) 
(138, 1.0) 
(145, 1.0) 
(153, 1.0) 
(154, 1.0) 
(160, 1.0) 
(183, 1.0) 
(191, 1.0) 
(195, 1.0) 
(201, 1.0) 
(205, 1.0) 
(207, 1.0) 
(216, 1.0) 
(218, 1.0) 
(220, 1.0) 
(228, 1.0) 
(233, 1.0) 
(234, 1.0) 
(241, 1.0) 
(244, 1.0) 
(255, 1.0) 
(256, 1.0) 
(262, 1.0) 
(264, 1.0) 
(267, 1.0) 
(273, 1.0) 
(279, 1.0) 
(282, 1.0) 
(286, 1.0) 
(293, 1.0) 
(305, 1.0) 
(306, 1.0) 
(309, 1.0) 
(316, 1.0) 
(321, 1.0) 
(327, 1.0) 
(328, 1.0) 
(336, 1.0) 
(377, 1.0) 
(379, 1.0) 
(393, 1.0) 
(401, 1.0) 
(443, 1.0) 
(448, 1.0) 
(454, 1.0) 
(467, 1.0) 
(468, 1.0) 
(476, 1.0) 
(485, 1.0) 
(499, 1.0) 
(571, 1.0) 
(572, 1.0) 
(581, 1.0) 
(586, 1.0) 
(642, 1.0) 
(648, 1.0) 
(652, 1.0) 
(656, 1.0) 
(660, 1.0) 
(667, 1.0) 
(673, 1.0) 
(699, 1.0) 
(717, 1.0) 
(743, 1.0) 
(744, 1.0) 
(749, 1.0) 
(750, 1.0) 
(775, 1.0) 
(785, 1.0) 
(802, 1.0) 
(841, 1.0) 
(851, 1.0) 
(852, 1.0) 
(854, 1.0) 
(855, 1.0) 
(858, 1.0) 
(859, 1.0) 
(865, 1.0) 
(868, 1.0) 
(873, 1.0) 
(877, 1.0) 
(887, 1.0) 
(888, 1.0) 
(899, 1.0) 
(910, 1.0) 
(945, 1.0) 
(1016, 1.0) 
(1027, 1.0) 
(1034, 1.0) 
(1046, 1.0) 
(1065, 1.0) 
(1071, 1.0) 
(1176, 1.0) 
(1208, 1.0) 
(1224, 1.0) 
(1233, 1.0) 
(1252, 1.0) 
(1253, 1.0) 
(1262, 1.0) 
(1270, 1.0) 
(1276, 1.0) 
(1326, 1.0) 
(1346, 1.0) 
(1362, 1.0) 
(1372, 1.0) 
(1383, 1.0) 
(1394, 1.0) 
(1395, 1.0) 
(1403, 1.0) 
(1430, 1.0) 
(1455, 1.0) 
(1486, 1.0) 
(1521, 1.0) 
(1546, 1.0) 
(1558, 1.0) 
(1586, 1.0) 
(1627, 1.0) 
(1651, 1.0) 
(1657, 1.0) 
(1690, 1.0) 
(1755, 1.0) 
(1762, 1.0) 
(1776, 1.0) 
(1854, 1.0) 
(1856, 1.0) 
(1967, 1.0) 
(1969, 1.0) 
(2100, 1.0) 
(2167, 1.0) 
(2168, 1.0) 
(2204, 1.0) 
(2219, 1.0) 
(2375, 1.0) 
(2380, 1.0) 
(2382, 1.0) 
(2431, 1.0) 
(2441, 1.0) 
(2483, 1.0) 
(2505, 1.0) 
(2517, 1.0) 
(2541, 1.0) 
(2595, 1.0) 
(2671, 1.0) 
(2691, 1.0) 
(2704, 1.0) 
(2721, 1.0) 
(2722, 1.0) 
(2736, 1.0) 
(2740, 1.0) 
(2767, 1.0) 
(2788, 1.0) 
(2792, 1.0) 
(2808, 1.0) 
(2814, 1.0) 
(2817, 1.0) 
(2824, 1.0) 
(2838, 1.0) 
(2855, 1.0) 
(2857, 1.0) 
(2860, 1.0) 
(2885, 1.0) 
(2902, 1.0) 
(2922, 1.0) 
(2980, 1.0) 
(3003, 1.0) 
(3006, 1.0) 
(3037, 1.0) 
(3059, 1.0) 
(3091, 1.0) 
(3125, 1.0) 
(3134, 1.0) 
(3147, 1.0) 
(3268, 1.0) 
(3282, 1.0) 
(3317, 1.0) 
(3336, 1.0) 
(3372, 1.0) 
(3376, 1.0) 
(3401, 1.0) 
(3407, 1.0) 
(3408, 1.0) 
(3413, 1.0) 
(3445, 1.0) 
(3467, 1.0) 
(3489, 1.0) 
(3560, 1.0) 
(3565, 1.0) 
(3572, 1.0) 
(3575, 1.0) 
(3582, 1.0) 
(3589, 1.0) 
(3597, 1.0) 
(3653, 1.0) 
(3669, 1.0) 
(3676, 1.0) 
(3686, 1.0) 
(3688, 1.0) 
(3689, 1.0) 
(3691, 1.0) 
(3699, 1.0) 
(3700, 1.0) 
(3704, 1.0) 
(3716, 1.0) 
(3717, 1.0) 
(3732, 1.0) 
(3733, 1.0) 
(3744, 1.0) 
(3746, 1.0) 
(3765, 1.0) 
(3807, 1.0) 
(3808, 1.0) 
(3811, 1.0) 
(3813, 1.0) 
(3844, 1.0) 
(3846, 1.0) 
(3854, 1.0) 
(3864, 1.0) 
(3875, 1.0) 
(3879, 1.0) 
(3885, 1.0) 
(3897, 1.0) 
(3899, 1.0) 
(3910, 1.0) 
(3911, 1.0) 
(3922, 1.0) 
(3939, 1.0) 
(3942, 1.0) 
(3955, 1.0) 
(3959, 1.0) 
(3965, 1.0) 
(3983, 1.0) 
(3987, 1.0) 
(3990, 1.0) 
(3992, 1.0) 
(4001, 1.0) 
(4003, 1.0) 
(4005, 1.0) 
(4006, 1.0) 
(4007, 1.0) 
(4012, 1.0) 
(4016, 1.0) 
(4025, 1.0) 
(4028, 1.0) 
(4029, 1.0) 
(4032, 1.0) 
(4033, 1.0) 
(4034, 1.0) 
(4036, 1.0) 
(595, 0.9883040935672515) 
(3639, 0.9848484848484849) 
(3919, 0.9848484848484849) 
(3668, 0.9818181818181818) 
(576, 0.978021978021978) 
(2252, 0.9777777777777777) 
(3766, 0.9777777777777777) 
(582, 0.9761904761904762) 
(3783, 0.9743589743589743) 
(139, 0.9722222222222222) 
(1111, 0.9722222222222222) 
(1631, 0.9722222222222222) 
(3876, 0.9722222222222222) 
(1892, 0.9696969696969697) 
(3581, 0.9696969696969697) 
(3594, 0.9696969696969697) 
(882, 0.9642857142857143) 
(886, 0.9642857142857143) 
(1414, 0.9642857142857143) 
(1775, 0.9642857142857143) 
(2732, 0.9642857142857143) 
(2799, 0.9642857142857143) 
(2930, 0.9642857142857143) 
(3126, 0.9642857142857143) 
(3131, 0.9642857142857143) 
(3180, 0.9642857142857143) 
(3181, 0.9642857142857143) 
(3266, 0.9642857142857143) 
(3322, 0.9642857142857143) 
(3871, 0.9642857142857143) 
(36, 0.9636363636363636) 
(3311, 0.9636363636363636) 
(3857, 0.9636363636363636) 
(3708, 0.9619047619047619) 
(3975, 0.9619047619047619) 
(64, 0.9523809523809523) 
(189, 0.9523809523809523) 
(263, 0.9523809523809523) 
(296, 0.9523809523809523) 
(577, 0.9523809523809523) 
(872, 0.9523809523809523) 
(874, 0.9523809523809523) 
(2982, 0.9523809523809523) 
(3424, 0.9523809523809523) 
(3008, 0.95) 
(3352, 0.9487179487179487) 
(1186, 0.9485294117647058) 
(298, 0.9454545454545454) 
(380, 0.9454545454545454) 
(1905, 0.9454545454545454) 
(3516, 0.945054945054945) 
(466, 0.9444444444444444) 
(928, 0.9444444444444444) 
(1490, 0.9444444444444444) 
(3122, 0.9444444444444444) 
(3218, 0.9444444444444444) 
(3354, 0.9444444444444444) 
(3666, 0.9444444444444444) 
(1439, 0.9428571428571428) 
(3465, 0.9416666666666667) 
(3579, 0.9416666666666667) 
(706, 0.9411764705882353) 
(79, 0.9393939393939394) 
(381, 0.9393939393939394) 
(2609, 0.9379251700680272) 
(2699, 0.9358974358974359) 
(6, 0.9333333333333333) 
(147, 0.9333333333333333) 
(715, 0.9333333333333333) 
(878, 0.9333333333333333) 
(2621, 0.9333333333333333) 
(2774, 0.9333333333333333) 
(2879, 0.9333333333333333) 
(2899, 0.9333333333333333) 
(3055, 0.9333333333333333) 
(3058, 0.9333333333333333) 
(3074, 0.9333333333333333) 
(3127, 0.9333333333333333) 
(3175, 0.9333333333333333) 
(3270, 0.9333333333333333) 
(3749, 0.9333333333333333) 
(3848, 0.9333333333333333) 
(3936, 0.9333333333333333) 
(670, 0.932806324110672) 
(399, 0.9285714285714286) 
(441, 0.9285714285714286) 
(501, 0.9285714285714286) 
(1506, 0.9285714285714286) 
(2548, 0.9285714285714286) 
(375, 0.9264705882352942) 
(1493, 0.9261538461538461) 
(628, 0.9242424242424242) 
(3541, 0.9242424242424242) 
(958, 0.9239130434782609) 
(3479, 0.9238095238095239) 
(3562, 0.9238095238095239) 
(3613, 0.9238095238095239) 
(3649, 0.9238095238095239) 
(3695, 0.9238095238095239) 
(3883, 0.9238095238095239) 
(1568, 0.9236453201970444) 
(3481, 0.9230769230769231) 
(3523, 0.9230769230769231) 
(3715, 0.9230769230769231) 
(665, 0.9215686274509803) 
(640, 0.9209486166007905) 
(1319, 0.9202279202279202) 
(3423, 0.9166666666666666) 
(3815, 0.9142857142857143) 
(3889, 0.9142857142857143) 
(1005, 0.9120879120879121) 
(3675, 0.9120879120879121) 
(3874, 0.9120879120879121) 
(3382, 0.9117647058823529) 
(587, 0.9111111111111111) 
(979, 0.9111111111111111) 
(3892, 0.9102564102564102) 
(1648, 0.91) 
(268, 0.9090909090909091) 
(2496, 0.9090909090909091) 
(3367, 0.9090909090909091) 
(2444, 0.9083333333333333) 
(599, 0.9051383399209486) 
(129, 0.9047619047619048) 
(151, 0.9047619047619048) 
(167, 0.9047619047619048) 
(632, 0.9047619047619048) 
(869, 0.9047619047619048) 
(2094, 0.9047619047619048) 
(2245, 0.9047619047619048) 
(2256, 0.9047619047619048) 
(2632, 0.9047619047619048) 
(3655, 0.9047619047619048) 
(4018, 0.9047619047619048) 
(254, 0.9044117647058824) 
(578, 0.9021739130434783) 
(627, 0.9021739130434783) 
(658, 0.9021739130434783) 
(659, 0.9021739130434783) 
(2606, 0.9012612612612613) 
(675, 0.9011857707509882) 
(3567, 0.9010989010989011) 
(24, 0.9) 
(27, 0.9) 
(349, 0.9) 
(610, 0.9) 
(671, 0.9) 
(929, 0.9) 
(1579, 0.9) 
(1777, 0.9) 
(2230, 0.9) 
(2422, 0.9) 
(3283, 0.9) 
(3310, 0.9) 
(3314, 0.9) 
(3429, 0.9) 
(3444, 0.9) 
(3735, 0.9) 
(3849, 0.9) 
(3925, 0.9) 
(505, 0.8974358974358975) 
(2554, 0.895278167367929) 
(3912, 0.8952380952380953) 
(662, 0.894927536231884) 
(1802, 0.8939393939393939) 
(1822, 0.8939393939393939) 
(3281, 0.8939393939393939) 
(3788, 0.8939393939393939) 
(3840, 0.8939393939393939) 
(385, 0.8928571428571429) 
(672, 0.8928571428571429) 
(725, 0.8928571428571429) 
(1865, 0.8928571428571429) 
(2898, 0.8928571428571429) 
(3398, 0.8928571428571429) 
(3647, 0.8928571428571429) 
(3932, 0.8928571428571429) 
(3981, 0.8928571428571429) 
(635, 0.8917748917748918) 
(650, 0.8917748917748918) 
(2532, 0.891644204851752) 
(140, 0.8909090909090909) 
(863, 0.8909090909090909) 
(876, 0.8909090909090909) 
(2568, 0.8909090909090909) 
(2652, 0.8903061224489796) 
(3595, 0.8901098901098901) 
(2, 0.8888888888888888) 
(861, 0.8888888888888888) 
(3308, 0.8888888888888888) 
(3368, 0.8888888888888888) 
(2306, 0.888432364096081) 
(3630, 0.8846153846153846) 
(2274, 0.8840336134453781) 
(2579, 0.8835082458770614) 
(2503, 0.8833333333333333) 
(2479, 0.8830917874396135) 
(266, 0.8823529411764706) 
(681, 0.8814229249011858) 
(2046, 0.880714380914301) 
(600, 0.8804347826086957) 
(643, 0.8804347826086957) 
(661, 0.8804347826086957) 
(66, 0.8761904761904762) 
(2415, 0.875609756097561) 
(2959, 0.875) 
(3757, 0.875) 
(3920, 0.875) 
(2591, 0.8739035087719298) 
(2900, 0.8727272727272727) 
(3598, 0.8727272727272727) 
(2418, 0.8723843206601827) 
(762, 0.8717948717948718) 
(2469, 0.8715312327252626) 
(1363, 0.8714285714285714) 
(1963, 0.8686730506155951) 
(2077, 0.8679365079365079) 
(2407, 0.866956077630235) 
(4, 0.8666666666666667) 
(95, 0.8666666666666667) 
(181, 0.8666666666666667) 
(275, 0.8666666666666667) 
(583, 0.8666666666666667) 
(1297, 0.8666666666666667) 
(1788, 0.8666666666666667) 
(1924, 0.8666666666666667) 
(3751, 0.8666666666666667) 
(1953, 0.8665866986538718) 
(615, 0.8659420289855072) 
(2552, 0.8650257400257401) 
(919, 0.8645320197044335) 
(575, 0.8636363636363636) 
(3498, 0.8627450980392157) 
(529, 0.8611111111111112) 
(690, 0.8611111111111112) 
(808, 0.8611111111111112) 
(3334, 0.8611111111111112) 
(3338, 0.8611111111111112) 
(3427, 0.8611111111111112) 
(2386, 0.8609112709832134) 
(2972, 0.8602941176470589) 
(1468, 0.8602150537634409) 
(3819, 0.8589743589743589) 
(187, 0.8583333333333333) 
(2320, 0.8583333333333333) 
(2465, 0.8576271186440678) 
(2477, 0.8574589127686473) 
(51, 0.8571428571428571) 
(83, 0.8571428571428571) 
(93, 0.8571428571428571) 
(162, 0.8571428571428571) 
(208, 0.8571428571428571) 
(221, 0.8571428571428571) 
(237, 0.8571428571428571) 
(509, 0.8571428571428571) 
(621, 0.8571428571428571) 
(679, 0.8571428571428571) 
(689, 0.8571428571428571) 
(791, 0.8571428571428571) 
(937, 0.8571428571428571) 
(1640, 0.8571428571428571) 
(1731, 0.8571428571428571) 
(1978, 0.8571428571428571) 
(1992, 0.8571428571428571) 
(2528, 0.8571428571428571) 
(2599, 0.8571428571428571) 
(3389, 0.8571428571428571) 
(3696, 0.8571428571428571) 
(3973, 0.8571428571428571) 
(2359, 0.8568632932625104) 
(2703, 0.8562091503267973) 
(1378, 0.8548387096774194) 
(491, 0.8545454545454545) 
(2177, 0.8545454545454545) 
(2489, 0.8537556247836622) 
(2307, 0.8533941236068896) 
(3837, 0.8529411764705882) 
(1989, 0.8524458700882117) 
(2179, 0.8522077327842599) 
(2287, 0.8520632133450395) 
(2021, 0.8516129032258064) 
(2109, 0.8515201768933113) 
(2312, 0.85) 
(2563, 0.8492076730608841) 
(1853, 0.8484848484848485) 
(2654, 0.8481236203090508) 
(2212, 0.8480986639260021) 
(2098, 0.8480695549661067) 
(2270, 0.8476190476190476) 
(3371, 0.8476190476190476) 
(3476, 0.8476190476190476) 
(2613, 0.8473118279569892) 
(1997, 0.847208402432283) 
(2086, 0.8471677559912854) 
(1601, 0.8467741935483871) 
(2136, 0.8467234357645317) 
(3657, 0.8461538461538461) 
(2237, 0.8456595856281144) 
(3519, 0.8455882352941176) 
(2216, 0.8452950558213717) 
(1232, 0.8448275862068966) 
(225, 0.8444444444444444) 
(429, 0.8444444444444444) 
(955, 0.8444444444444444) 
(1368, 0.8444444444444444) 
(3053, 0.8444444444444444) 
(3641, 0.8444444444444444) 
(2467, 0.8441264162194395) 
(2115, 0.8441176470588235) 
(2770, 0.8439024390243902) 
(2261, 0.8433866279069767) 
(2213, 0.8431372549019608) 
(2353, 0.8429548563611491) 
(1333, 0.8428030303030303) 
(1929, 0.8426490066225165) 
(2484, 0.8419047619047619) 
(2108, 0.8411641478377974) 
(1382, 0.8402439024390244) 
(2539, 0.8396711202466598) 
(2549, 0.8392080745341615) 
(1508, 0.8390151515151515) 
(2408, 0.8390092879256966) 
(3587, 0.8382352941176471) 
(1848, 0.8380952380952381) 
(2513, 0.8380952380952381) 
(3472, 0.8380952380952381) 
(3739, 0.8380952380952381) 
(2141, 0.8369565217391305) 
(2573, 0.8367898222377135) 
(2122, 0.8367501180916391) 
(2308, 0.836641852770885) 
(2816, 0.8363636363636363) 
(2852, 0.8363636363636363) 
(3063, 0.8363636363636363) 
(2055, 0.8359969558599696) 
(2370, 0.8352817866645167) 
(844, 0.8351648351648352) 
(1137, 0.8349753694581281) 
(2433, 0.8347777467151244) 
(68, 0.8333333333333334) 
(174, 0.8333333333333334) 
(270, 0.8333333333333334) 
(288, 0.8333333333333334) 
(289, 0.8333333333333334) 
(384, 0.8333333333333334) 
(552, 0.8333333333333334) 
(598, 0.8333333333333334) 
(790, 0.8333333333333334) 
(811, 0.8333333333333334) 
(832, 0.8333333333333334) 
(884, 0.8333333333333334) 
(893, 0.8333333333333334) 
(894, 0.8333333333333334) 
(1002, 0.8333333333333334) 
(1022, 0.8333333333333334) 
(1031, 0.8333333333333334) 
(1105, 0.8333333333333334) 
(1443, 0.8333333333333334) 
(1474, 0.8333333333333334) 
(1510, 0.8333333333333334) 
(1977, 0.8333333333333334) 
(1996, 0.8333333333333334) 
(2066, 0.8333333333333334) 
(2106, 0.8333333333333334) 
(2390, 0.8333333333333334) 
(2565, 0.8333333333333334) 
(3143, 0.8333333333333334) 
(3588, 0.8333333333333334) 
(3781, 0.8333333333333334) 
(3865, 0.8333333333333334) 
(3946, 0.8333333333333334) 
(3952, 0.8333333333333334) 
(3953, 0.8333333333333334) 
(3954, 0.8333333333333334) 
(4011, 0.8333333333333334) 
(2020, 0.8329436426670966) 
(2578, 0.832485410743678) 
(2258, 0.8324829931972789) 
(2074, 0.8324514991181657) 
(1381, 0.8319088319088319) 
(2329, 0.8317597692105954) 
(2485, 0.8311507084585659) 
(55, 0.8308823529411765) 
(1880, 0.8306451612903226) 
(1884, 0.8306451612903226) 
(101, 0.8304093567251462) 
(2016, 0.8300653594771242) 
(2348, 0.8296688741721854) 
(2908, 0.8290598290598291) 
(3250, 0.8288770053475936) 
(2012, 0.8285714285714286) 
(3917, 0.8285714285714286) 
(2110, 0.8283499446290143) 
(2121, 0.8281061033620898) 
(2392, 0.8279980888676541) 
(2356, 0.8279613763089896) 
(2165, 0.8271407480314961) 
(2574, 0.8254330858557015) 
(2521, 0.8252279635258358) 
(2655, 0.8250641573994867) 
(330, 0.825) 
(486, 0.825) 
(3898, 0.825) 
(2701, 0.8246153846153846) 
(194, 0.8245614035087719) 
(290, 0.8241758241758241) 
(3773, 0.8241758241758241) 
(2638, 0.8240233661920409) 
(2374, 0.8238522954091816) 
(676, 0.8235294117647058) 
(901, 0.8235294117647058) 
(2362, 0.8233333333333334) 
(902, 0.8231884057971014) 
(1925, 0.8230967741935484) 
(2075, 0.8226950354609929) 
(938, 0.8226600985221675) 
(2363, 0.8222350479763365) 
(10, 0.8222222222222222) 
(459, 0.8222222222222222) 
(956, 0.8222222222222222) 
(1061, 0.8222222222222222) 
(2014, 0.8222222222222222) 
(3128, 0.8222222222222222) 
(2050, 0.8221343873517787) 
(217, 0.8214285714285714) 
(702, 0.8214285714285714) 
(867, 0.8214285714285714) 
(880, 0.8214285714285714) 
(2182, 0.8214285714285714) 
(3502, 0.8214285714285714) 
(3755, 0.8214285714285714) 
(2083, 0.8213586804584848) 
(1748, 0.8205128205128205) 
(2430, 0.8199338686820973) 
(2623, 0.8197972570065594) 
(2299, 0.8196062002513615) 
(3685, 0.819047619047619) 
(2293, 0.8190076869322153) 
(2631, 0.8187406296851574) 
(2504, 0.8185430463576159) 
(2559, 0.8184035476718403) 
(382, 0.8181818181818182) 
(1050, 0.8181818181818182) 
(1251, 0.8181818181818182) 
(1887, 0.8181818181818182) 
(2695, 0.8181818181818182) 
(2556, 0.8173810921902525) 
(2650, 0.8169934640522876) 
(3309, 0.8169934640522876) 
(3913, 0.8169934640522876) 
(611, 0.8166666666666667) 
(2482, 0.8165094339622642) 
(1438, 0.8163992869875223) 
(3262, 0.8152173913043478) 
(536, 0.8138528138528138) 
(1063, 0.8138528138528138) 
(2005, 0.8135735232509426) 
(226, 0.8131868131868132) 
(2970, 0.8128964059196617) 
(647, 0.8128654970760234) 
(2352, 0.8097376675220986) 
(347, 0.8095238095238095) 
(700, 0.8095238095238095) 
(890, 0.8095238095238095) 
(1654, 0.8095238095238095) 
(2263, 0.8095238095238095) 
(3094, 0.8095238095238095) 
(3923, 0.8095238095238095) 
(2154, 0.8093553459119497) 
(2063, 0.8092198581560284) 
(424, 0.8088235294117647) 
(3473, 0.8088235294117647) 
(1994, 0.808531746031746) 
(2276, 0.8085052202699261) 
(2124, 0.8083262890955198) 
(2515, 0.8076923076923077) 
(2446, 0.8075310559006211) 
(2253, 0.8075289890576515) 
(2140, 0.8074303405572756) 
(1118, 0.8067226890756303) 
(1108, 0.8062015503875969) 
(1873, 0.8060975609756098) 
(2190, 0.8059595095523239) 
(2520, 0.8058388765705838) 
(337, 0.8055555555555556) 
(364, 0.8055555555555556) 
(2013, 0.8055555555555556) 
(2678, 0.8055555555555556) 
(2834, 0.8055555555555556) 
(2164, 0.8055422838031534) 
(1747, 0.8051948051948052) 
(2095, 0.805025040319158) 
(2139, 0.8049260458325398) 
(992, 0.8043010752688172) 
(2546, 0.8039044289044289) 
(2506, 0.8036978756884343) 
(731, 0.803076923076923) 
(1950, 0.803030303030303) 
(2010, 0.8029259896729777) 
(3663, 0.8021978021978022) 
(1798, 0.8021390374331551) 
(2423, 0.80169992609017) 
(1784, 0.8014705882352942) 
(3478, 0.8014705882352942) 
(3571, 0.8014705882352942) 
(3039, 0.8008658008658008) 
(2495, 0.8005747126436782) 
(235, 0.8) 
(250, 0.8) 
(278, 0.8) 
(351, 0.8) 
(390, 0.8) 
(655, 0.8) 
(721, 0.8) 
(735, 0.8) 
(864, 0.8) 
(895, 0.8) 
(1069, 0.8) 
(1157, 0.8) 
(1249, 0.8) 
(1442, 0.8) 
(1582, 0.8) 
(1592, 0.8) 
(1759, 0.8) 
(2158, 0.8) 
(2437, 0.8) 
(2493, 0.8) 
(2580, 0.8) 
(2692, 0.8) 
(2801, 0.8) 
(3290, 0.8) 
(3370, 0.8) 
(3513, 0.8) 
(3606, 0.8) 
(3665, 0.8) 
(3742, 0.8) 
(3787, 0.8) 
(3963, 0.8) 
(3993, 0.8) 
(4013, 0.8) 
(1918, 0.7998447204968944) 
(2630, 0.7998386879956983) 
(1316, 0.7983870967741935) 
(2586, 0.7978839629693519) 
(3316, 0.7975708502024291) 
(2210, 0.7973911213970124) 
(603, 0.7973856209150327) 
(3774, 0.7973856209150327) 
(3972, 0.7973856209150327) 
(2381, 0.7972727272727272) 
(2354, 0.7969311761684643) 
(2460, 0.7969146238377007) 
(2619, 0.7964985784827173) 
(2290, 0.7963886909004514) 
(2561, 0.7961457896941768) 
(2765, 0.7955596669750231) 
(963, 0.7954545454545454) 
(2670, 0.7953216374269005) 
(972, 0.7952380952380952) 
(108, 0.7948717948717948) 
(646, 0.7948717948717948) 
(3778, 0.7948717948717948) 
(1771, 0.7947368421052632) 
(2553, 0.7945960478558947) 
(1928, 0.7944664031620553) 
(2315, 0.7941400304414004) 
(551, 0.7941176470588235) 
(2413, 0.7941176470588235) 
(2104, 0.7936771025168815) 
(2112, 0.793317610062893) 
(2550, 0.7925772563453722) 
(2492, 0.7922300514187773) 
(2090, 0.7917370257795789) 
(2305, 0.7916666666666666) 
(626, 0.7912087912087912) 
(794, 0.7912087912087912) 
(3868, 0.7908496732026143) 
(3957, 0.7908496732026143) 
(2326, 0.7906890130353817) 
(2746, 0.7904761904761904) 
(3701, 0.7904761904761904) 
(1556, 0.79) 
(3102, 0.7899659863945578) 
(3591, 0.7894736842105263) 
(2593, 0.7890129259694477) 
(2045, 0.7886363636363637) 
(2003, 0.7881205673758865) 
(2271, 0.7880198634388579) 
(1401, 0.7878787878787878) 
(1452, 0.7878787878787878) 
(1629, 0.7878787878787878) 
(2043, 0.7869908976147765) 
(2093, 0.7864663585002568) 
(2025, 0.7862068965517242) 
(333, 0.7857142857142857) 
(812, 0.7857142857142857) 
(3030, 0.7857142857142857) 
(3197, 0.7857142857142857) 
(3814, 0.7857142857142857) 
(3827, 0.7857142857142857) 
(2275, 0.7849588719153937) 
(2186, 0.7843137254901961) 
(2349, 0.7843137254901961) 
(2779, 0.783625730994152) 
(3608, 0.783625730994152) 
(1489, 0.7835497835497836) 
(2030, 0.7834512103961819) 
(2646, 0.7833056937534549) 
(2257, 0.7831587767071638) 
(2625, 0.7826213310084278) 
(903, 0.7825311942959001) 
(1550, 0.7823613086770982) 
(2118, 0.7821708954374786) 
(502, 0.7818181818181819) 
(2466, 0.7818181818181819) 
(3202, 0.7818181818181819) 
(1962, 0.781381174170548) 
(2033, 0.780682887484877) 
(1981, 0.7804713804713804) 
(1379, 0.7803921568627451) 
(149, 0.7802197802197802) 
(251, 0.7802197802197802) 
(2500, 0.7800491098833641) 
(3646, 0.7794117647058824) 
(2615, 0.7790246768507638) 
(2201, 0.7788359788359789) 
(2311, 0.7788235294117647) 
(2059, 0.7787672711571675) 
(1285, 0.7784511784511785) 
(59, 0.7777777777777778) 
(433, 0.7777777777777778) 
(554, 0.7777777777777778) 
(1044, 0.7777777777777778) 
(1821, 0.7777777777777778) 
(2113, 0.7777777777777778) 
(2886, 0.7777777777777778) 
(3083, 0.7777777777777778) 
(3251, 0.7777777777777778) 
(3681, 0.7777777777777778) 
(4009, 0.7777777777777778) 
(1971, 0.7776623376623376) 
(2409, 0.7775026978988129) 
(2097, 0.7766714082503556) 
(92, 0.7761904761904762) 
(1984, 0.776106138513299) 
(2420, 0.7759259259259259) 
(3802, 0.775) 
(1164, 0.7749287749287749) 
(2435, 0.7749287749287749) 
(3356, 0.7736842105263158) 
(2653, 0.7730829420970265) 
(2330, 0.7730496453900709) 
(2414, 0.7727736744130187) 
(341, 0.7727272727272727) 
(3112, 0.7727272727272727) 
(2432, 0.7724867724867724) 
(2064, 0.772391746585295) 
(1938, 0.7722616233254531) 
(3325, 0.7719298245614035) 
(2144, 0.7718947718947718) 
(2395, 0.7718285104513213) 
(1097, 0.7714285714285715) 
(1115, 0.7714285714285715) 
(1986, 0.771327829377365) 
(357, 0.7712418300653595) 
(352, 0.7707509881422925) 
(2323, 0.7703116555575572) 
(28, 0.7692307692307693) 
(1055, 0.7692307692307693) 
(2205, 0.7692307692307693) 
(3644, 0.7692307692307693) 
(2624, 0.7690294686539993) 
(2575, 0.7688956433637285) 
(988, 0.7682926829268293) 
(2073, 0.7672746497488766) 
(2551, 0.7666693541885028) 
(1216, 0.7666666666666667) 
(2200, 0.7660975937626024) 
(2601, 0.7660818713450293) 
(2794, 0.7660818713450293) 
(3862, 0.7660818713450293) 
(2220, 0.7654771345492994) 
(2660, 0.7652916073968705) 
(605, 0.7647058823529411) 
(685, 0.7647058823529411) 
(2170, 0.7647058823529411) 
(2486, 0.7647058823529411) 
(2519, 0.7647058823529411) 
(3450, 0.7647058823529411) 
(2717, 0.7638015373864431) 
(177, 0.7636363636363637) 
(522, 0.7636363636363637) 
(1218, 0.7636363636363637) 
(3012, 0.7636363636363637) 
(1314, 0.7630769230769231) 
(1946, 0.76268944612841) 
(2060, 0.7626235399820306) 
(981, 0.7622571692876966) 
(126, 0.7619047619047619) 
(300, 0.7619047619047619) 
(633, 0.7619047619047619) 
(881, 0.7619047619047619) 
(984, 0.7619047619047619) 
(985, 0.7619047619047619) 
(2687, 0.7619047619047619) 
(3333, 0.7619047619047619) 
(3834, 0.7619047619047619) 
(1190, 0.7611336032388664) 
(898, 0.7610241820768137) 
(2564, 0.7602685174650131) 
(2103, 0.7600974103112378) 
(2636, 0.7596017069701281) 
(1917, 0.7593984962406015) 
(1451, 0.7591397849462366) 
(2295, 0.758893280632411) 
(1756, 0.7583333333333333) 
(75, 0.7582417582417582) 
(2184, 0.7582098227259517) 
(2340, 0.7580372250423012) 
(180, 0.7578947368421053) 
(3618, 0.7578947368421053) 
(1979, 0.7577922077922078) 
(3832, 0.7575757575757576) 
(3713, 0.7569230769230769) 
(2191, 0.7567920585161965) 
(1266, 0.7564102564102564) 
(2255, 0.7555555555555555) 
(3416, 0.7554426705370102) 
(1932, 0.7554311310190369) 
(1245, 0.7551282051282051) 
(2604, 0.7549450549450549) 
(1773, 0.7549407114624506) 
(2337, 0.7546218487394958) 
(952, 0.7544463568559954) 
(969, 0.7540322580645161) 
(3835, 0.7538461538461538) 
(2331, 0.7538290169869117) 
(1943, 0.7536540139616056) 
(3943, 0.7533333333333333) 
(2536, 0.7526881720430108) 
(302, 0.7526315789473684) 
(2918, 0.7526315789473684) 
(970, 0.7523809523809524) 
(2096, 0.7523809523809524) 
(2584, 0.7523809523809524) 
(276, 0.7516339869281046) 
(2069, 0.7510692899914457) 
(2278, 0.7509135605607601) 
(2188, 0.7503338496875167) 
(2376, 0.7501726194212541) 
(2150, 0.75010907504363) 
(710, 0.75) 
(761, 0.75) 
(821, 0.75) 
(2281, 0.75) 
(2454, 0.75) 
(2487, 0.75) 
(2514, 0.75) 
(3235, 0.75) 
(3439, 0.75) 
(3452, 0.75) 
(3607, 0.75) 
(3712, 0.75) 
(3960, 0.75) 
(4019, 0.75) 
(511, 0.7494252873563219) 
(1081, 0.7494252873563219) 
(3021, 0.7493877551020408) 
(2151, 0.7493844049247605) 
(2464, 0.7493719521205852) 
(597, 0.7489177489177489) 
(838, 0.7489177489177489) 
(2400, 0.7485380116959064) 
(3725, 0.7485380116959064) 
(3743, 0.7485380116959064) 
(1279, 0.7484143763213531) 
(1406, 0.7483870967741936) 
(1533, 0.7478991596638656) 
(1389, 0.7478260869565218) 
(2462, 0.7478070175438597) 
(1351, 0.7476255088195387) 
(1089, 0.7472527472527473) 
(2088, 0.7471671024970518) 
(494, 0.7470355731225297) 
(2244, 0.7468844221105527) 
(1625, 0.7466666666666667) 
(2607, 0.7462860163891092) 
(2600, 0.7462206301985308) 
(2590, 0.7460375012949342) 
(222, 0.7454545454545455) 
(631, 0.7454545454545455) 
(974, 0.7454545454545455) 
(986, 0.7454545454545455) 
(3997, 0.7454545454545455) 
(2343, 0.7445634534242129) 
(1015, 0.7444444444444445) 
(2339, 0.744399247161678) 
(2334, 0.7443436555103743) 
(2040, 0.743813175322412) 
(934, 0.7431496537187594) 
(14, 0.7428571428571429) 
(1336, 0.7427609427609427) 
(3241, 0.7426900584795322) 
(2076, 0.7426470588235294) 
(751, 0.7424242424242424) 
(1364, 0.7424242424242424) 
(2445, 0.7420289855072464) 
(197, 0.7416666666666667) 
(281, 0.7416666666666667) 
(965, 0.7416666666666667) 
(3410, 0.7416666666666667) 
(1958, 0.7415329768270945) 
(2369, 0.7412203460064228) 
(2131, 0.7404501871506948) 
(1396, 0.740041928721174) 
(1764, 0.74) 
(1572, 0.7397563676633444) 
(2585, 0.7397435897435898) 
(3047, 0.7395918367346939) 
(1966, 0.7394260845913233) 
(2507, 0.7392039800995025) 
(669, 0.7379679144385026) 
(2172, 0.7378562176165803) 
(3265, 0.7375886524822695) 
(1457, 0.7371760973030143) 
(1733, 0.7368421052631579) 
(2404, 0.7367211973546816) 
(588, 0.7362637362637363) 
(765, 0.7362637362637363) 
(3634, 0.7359307359307359) 
(1895, 0.7357357357357357) 
(623, 0.7352941176470589) 
(664, 0.7352941176470589) 
(2947, 0.7352941176470589) 
(3040, 0.7349019607843137) 
(2589, 0.7341772151898734) 
(2633, 0.7341463414634146) 
(2240, 0.7339303482587065) 
(127, 0.7333333333333333) 
(219, 0.7333333333333333) 
(340, 0.7333333333333333) 
(365, 0.7333333333333333) 
(879, 0.7333333333333333) 
(1463, 0.7333333333333333) 
(1708, 0.7333333333333333) 
(2358, 0.7333333333333333) 
(2439, 0.7333333333333333) 
(2776, 0.7333333333333333) 
(2926, 0.7333333333333333) 
(3044, 0.7333333333333333) 
(3806, 0.7333333333333333) 
(3977, 0.7333333333333333) 
(3985, 0.7333333333333333) 
(2428, 0.7329291815927252) 
(809, 0.7320261437908496) 
(2078, 0.7320100453974693) 
(3169, 0.7316939890710382) 
(516, 0.7315789473684211) 
(684, 0.7315789473684211) 
(1812, 0.7315010570824524) 
(1957, 0.7314439946018894) 
(1751, 0.7314285714285714) 
(2309, 0.731130399472108) 
(3627, 0.7309941520467836) 
(17, 0.7307692307692307) 
(729, 0.7307692307692307) 
(3156, 0.7307692307692307) 
(2123, 0.7307223333170756) 
(1682, 0.7297297297297297) 
(1837, 0.7297297297297297) 
(1993, 0.7290152660586255) 
(1532, 0.728744939271255) 
(2052, 0.72848158131177) 
(2602, 0.7284520330205609) 
(975, 0.7281621243885394) 
(2643, 0.7276767676767677) 
(45, 0.7272727272727273) 
(723, 0.7272727272727273) 
(1315, 0.7272727272727273) 
(3446, 0.7272727272727273) 
(3940, 0.7272727272727273) 
(3318, 0.7263157894736842) 
(1102, 0.7262745098039216) 
(3867, 0.7261538461538461) 
(1859, 0.7256038647342995) 
(3414, 0.7254901960784313) 
(176, 0.7252747252747253) 
(693, 0.7252747252747253) 
(2218, 0.7252510760401721) 
(1198, 0.725242433147223) 
(1287, 0.7249417249417249) 
(2058, 0.7249122807017544) 
(3578, 0.7246376811594203) 
(3976, 0.7238095238095238) 
(1832, 0.7227053140096619) 
(564, 0.7222222222222222) 
(663, 0.7222222222222222) 
(2051, 0.7222222222222222) 
(3531, 0.7222222222222222) 
(3986, 0.7222222222222222) 
(2206, 0.7219867851446798) 
(807, 0.7210526315789474) 
(976, 0.7210144927536232) 
(223, 0.7207977207977208) 
(1310, 0.7207977207977208) 
(3243, 0.7207977207977208) 
(2627, 0.7207317073170731) 
(709, 0.7205882352941176) 
(3108, 0.7204301075268817) 
(1635, 0.7201426024955436) 
(297, 0.72) 
(3636, 0.72) 
(2135, 0.7199582027168234) 
(2000, 0.7196969696969697) 
(1907, 0.7195402298850575) 
(1913, 0.7192982456140351) 
(2314, 0.7192982456140351) 
(3493, 0.7192982456140351) 
(2639, 0.7192192192192193) 
(1174, 0.7189542483660131) 
(2917, 0.7189542483660131) 
(1542, 0.7185185185185186) 
(2198, 0.7185185185185186) 
(196, 0.717948717948718) 
(843, 0.717948717948718) 
(2524, 0.717948717948718) 
(2148, 0.7176029962546816) 
(2658, 0.7174603174603175) 
(3569, 0.7169230769230769) 
(1676, 0.7166666666666667) 
(3967, 0.7166666666666667) 
(2346, 0.7158730158730159) 
(1099, 0.7155844155844155) 
(238, 0.7154150197628458) 
(1903, 0.7153846153846154) 
(1914, 0.7150786308973173) 
(722, 0.7142857142857143) 
(767, 0.7142857142857143) 
(870, 0.7142857142857143) 
(1103, 0.7142857142857143) 
(1203, 0.7142857142857143) 
(1701, 0.7142857142857143) 
(1869, 0.7142857142857143) 
(2175, 0.7142857142857143) 
(3552, 0.7142857142857143) 
(3726, 0.7142857142857143) 
(3761, 0.7142857142857143) 
(3961, 0.7142857142857143) 
(3710, 0.7138461538461538) 
(2249, 0.7134502923976608) 
(3517, 0.7132352941176471) 
(2011, 0.7128205128205128) 
(760, 0.7126436781609196) 
(2324, 0.7124728063814358) 
(2248, 0.7124183006535948) 
(2935, 0.7121212121212122) 
(3654, 0.7121212121212122) 
(3064, 0.7118055555555556) 
(1948, 0.7114918656974731) 
(1292, 0.7111111111111111) 
(3099, 0.7111111111111111) 
(3425, 0.7111111111111111) 
(2582, 0.7106930693069307) 
(711, 0.7105263157894737) 
(3687, 0.7102272727272727) 
(614, 0.7096774193548387) 
(2196, 0.7095913261050876) 
(3609, 0.7094017094017094) 
(3200, 0.7090909090909091) 
(3863, 0.7090909090909091) 
(2684, 0.708994708994709) 
(2221, 0.7085365853658536) 
(737, 0.7083333333333334) 
(134, 0.7076023391812866) 
(3759, 0.7076023391812866) 
(3776, 0.7076023391812866) 
(3527, 0.7075098814229249) 
(2977, 0.7064393939393939) 
(3518, 0.7064393939393939) 
(2985, 0.7056497175141243) 
(3656, 0.7056277056277056) 
(474, 0.7052631578947368) 
(2508, 0.7052387965495477) 
(889, 0.7051282051282052) 
(2657, 0.7051282051282052) 
(144, 0.7047619047619048) 
(1144, 0.7047619047619048) 
(1710, 0.7047619047619048) 
(2402, 0.7047619047619048) 
(1983, 0.7041266940764428) 
(451, 0.7033333333333334) 
(2044, 0.7033333333333334) 
(2273, 0.7032967032967034) 
(2084, 0.7031408308004052) 
(2588, 0.7028083028083028) 
(3391, 0.7024673439767779) 
(2243, 0.7019286966686148) 
(2027, 0.7019027484143763) 
(2572, 0.7017543859649122) 
(1293, 0.7012411347517731) 
(3557, 0.7010752688172043) 
(3730, 0.701058201058201) 
(847, 0.7008547008547008) 
(683, 0.7007575757575758) 
(2410, 0.700060972749871) 
(152, 0.7) 
(193, 0.7) 
(245, 0.7) 
(284, 0.7) 
(371, 0.7) 
(562, 0.7) 
(866, 0.7) 
(1264, 0.7) 
(1417, 0.7) 
(1476, 0.7) 
(1711, 0.7) 
(3271, 0.7) 
(3305, 0.7) 
(3637, 0.7) 
(3795, 0.7) 
(3839, 0.7) 
(3381, 0.6995108315863033) 
(212, 0.6993464052287581) 
(2534, 0.6993464052287581) 
(983, 0.6991010047593865) 
(2134, 0.6988795518207283) 
(1033, 0.6985294117647058) 
(1478, 0.6985294117647058) 
(3907, 0.6984615384615385) 
(1548, 0.6984352773826458) 
(1841, 0.6981292517006803) 
(1940, 0.6979897148200094) 
(2647, 0.6976950354609929) 
(2028, 0.6975741239892184) 
(1404, 0.6971428571428572) 
(477, 0.696969696969697) 
(1638, 0.696969696969697) 
(1999, 0.696969696969697) 
(3509, 0.696969696969697) 
(2037, 0.6965317919075145) 
(2436, 0.6961793639899336) 
(2542, 0.6961276818419676) 
(489, 0.6956521739130435) 
(2533, 0.6953205524634096) 
(612, 0.6952380952380952) 
(1042, 0.6952380952380952) 
(1084, 0.6952380952380952) 
(1606, 0.6946236559139785) 
(1737, 0.694579681921454) 
(1036, 0.6944948578342408) 
(746, 0.6944444444444444) 
(1140, 0.6944444444444444) 
(1239, 0.6944444444444444) 
(1340, 0.6943164362519201) 
(2192, 0.6939024390243902) 
(1181, 0.693564862104188) 
(2225, 0.6933797909407665) 
(2560, 0.6933333333333334) 
(3239, 0.6932839767318879) 
(123, 0.6928104575163399) 
(1141, 0.6928104575163399) 
(3741, 0.6928104575163399) 
(3670, 0.6926406926406926) 
(1587, 0.6923076923076923) 
(2262, 0.6923076923076923) 
(2990, 0.6923076923076923) 
(3482, 0.6923076923076923) 
(3740, 0.6923076923076923) 
(3769, 0.6923076923076923) 
(1991, 0.6921768707482994) 
(1309, 0.6921373200442967) 
(3209, 0.6920289855072463) 
(3068, 0.6916666666666667) 
(2229, 0.6912433750762159) 
(2157, 0.6909581646423751) 
(168, 0.6909090909090909) 
(3141, 0.6909090909090909) 
(3994, 0.6909090909090909) 
(1410, 0.6904761904761905) 
(1524, 0.6902439024390243) 
(2583, 0.6898550724637681) 
(2907, 0.6895161290322581) 
(1082, 0.6892230576441103) 
(756, 0.6888888888888889) 
(2802, 0.6888888888888889) 
(3934, 0.6888888888888889) 
(1653, 0.6878933728248797) 
(1433, 0.6877470355731226) 
(1392, 0.6876876876876877) 
(1728, 0.6875) 
(1695, 0.6873563218390805) 
(2042, 0.687061403508772) 
(2499, 0.6870032725572698) 
(1112, 0.686932215234102) 
(2159, 0.6861702127659575) 
(1955, 0.6858576206402294) 
(20, 0.6857142857142857) 
(1234, 0.6857142857142857) 
(2039, 0.6854890604890604) 
(2475, 0.6844931271477663) 
(2061, 0.6843971631205674) 
(299, 0.6842105263157895) 
(457, 0.6842105263157895) 
(1931, 0.6842105263157895) 
(2019, 0.6842105263157895) 
(3845, 0.6842105263157895) 
(2285, 0.6841750841750842) 
(2208, 0.683982683982684) 
(2705, 0.6837606837606838) 
(634, 0.6833333333333333) 
(1324, 0.6833333333333333) 
(3297, 0.6825396825396826) 
(535, 0.6818181818181818) 
(1207, 0.6815336463223787) 
(3284, 0.6811594202898551) 
(387, 0.680952380952381) 
(625, 0.680952380952381) 
(1916, 0.6806231742940604) 
(2815, 0.6804511278195489) 
(3170, 0.68) 
(446, 0.6797385620915033) 
(772, 0.6797385620915033) 
(2280, 0.6797194623027469) 
(1874, 0.6794871794871795) 
(1278, 0.6793650793650794) 
(1578, 0.6793650793650794) 
(3500, 0.6789473684210526) 
(3538, 0.6789473684210526) 
(1257, 0.6787878787878788) 
(8, 0.6785714285714286) 
(60, 0.6785714285714286) 
(89, 0.6785714285714286) 
(91, 0.6785714285714286) 
(259, 0.6785714285714286) 
(319, 0.6785714285714286) 
(534, 0.6785714285714286) 
(1162, 0.6785714285714286) 
(3461, 0.6785714285714286) 
(3723, 0.6785714285714286) 
(462, 0.6783625730994152) 
(3623, 0.6783625730994152) 
(2057, 0.6782810685249709) 
(2351, 0.678231859883236) 
(2648, 0.6781914893617021) 
(1039, 0.6780626780626781) 
(2846, 0.6780626780626781) 
(2850, 0.678030303030303) 
(2006, 0.6779788838612368) 
(2246, 0.6777155655095185) 
(2991, 0.6775956284153005) 
(3013, 0.677536231884058) 
(2829, 0.6772486772486772) 
(2297, 0.6770981507823614) 
(413, 0.6764705882352942) 
(410, 0.6761904761904762) 
(569, 0.6761904761904762) 
(931, 0.6761904761904762) 
(2490, 0.6761904761904762) 
(1935, 0.6759183673469388) 
(949, 0.6758893280632411) 
(2338, 0.6751613999320422) 
(1116, 0.6748768472906403) 
(1281, 0.6743902439024391) 
(2547, 0.6743535988819007) 
(3142, 0.674025974025974) 
(1091, 0.6736842105263158) 
(1691, 0.6734463276836158) 
(3065, 0.6734397677793904) 
(3753, 0.6733333333333333) 
(2426, 0.673202614379085) 
(3698, 0.673202614379085) 
(1517, 0.6730158730158731) 
(999, 0.6729323308270677) 
(2265, 0.6727272727272727) 
(2861, 0.6727272727272727) 
(1698, 0.672514619883041) 
(3206, 0.672156862745098) 
(471, 0.6709677419354839) 
(2222, 0.6705314009661836) 
(105, 0.6703296703296703) 
(3315, 0.6703296703296703) 
(1647, 0.6702040816326531) 
(1380, 0.6700280112044817) 
(512, 0.6699507389162561) 
(3247, 0.66993006993007) 
(1454, 0.669683257918552) 
(2494, 0.6693657219973009) 
(1195, 0.66921768707483) 
(1877, 0.6691468253968254) 
(3194, 0.6691176470588235) 
(2526, 0.6689997244419951) 
(2611, 0.6688710660850804) 
(403, 0.6684210526315789) 
(3462, 0.6684210526315789) 
(1180, 0.6676767676767676) 
(1129, 0.6672316384180791) 
(16, 0.6666666666666666) 
(61, 0.6666666666666666) 
(81, 0.6666666666666666) 
(94, 0.6666666666666666) 
(97, 0.6666666666666666) 
(125, 0.6666666666666666) 
(155, 0.6666666666666666) 
(157, 0.6666666666666666) 
(164, 0.6666666666666666) 
(166, 0.6666666666666666) 
(179, 0.6666666666666666) 
(182, 0.6666666666666666) 
(202, 0.6666666666666666) 
(240, 0.6666666666666666) 
(247, 0.6666666666666666) 
(253, 0.6666666666666666) 
(294, 0.6666666666666666) 
(301, 0.6666666666666666) 
(307, 0.6666666666666666) 
(326, 0.6666666666666666) 
(338, 0.6666666666666666) 
(356, 0.6666666666666666) 
(383, 0.6666666666666666) 
(386, 0.6666666666666666) 
(406, 0.6666666666666666) 
(411, 0.6666666666666666) 
(442, 0.6666666666666666) 
(470, 0.6666666666666666) 
(488, 0.6666666666666666) 
(518, 0.6666666666666666) 
(530, 0.6666666666666666) 
(666, 0.6666666666666666) 
(776, 0.6666666666666666) 
(779, 0.6666666666666666) 
(788, 0.6666666666666666) 
(796, 0.6666666666666666) 
(816, 0.6666666666666666) 
 
