# Directed graph (each unordered pair of nodes is saved once): p2p-Gnutella08.txt

# Information about the newly-created network is:
Name: 
Type: Graph
Number of nodes: 6301
Number of edges: 20777
Average degree:   6.5948

# Compute the following node measures:

# Top 10 nodes by degree centrality:
(123, 0.015396825396825397) 
(127, 0.01507936507936508) 
(367, 0.014920634920634921) 
(424, 0.014603174603174604) 
(251, 0.014444444444444444) 
(264, 0.014444444444444444) 
(266, 0.014444444444444444) 
(427, 0.014444444444444444) 
(145, 0.014285714285714285) 
(249, 0.014285714285714285) 
 
# Top 10 nodes by closeness centrality: 
(123, 0.2958785955599716) 
(127, 0.29573961364651397) 
(1317, 0.29508814374393677) 
(264, 0.2946876028514222) 
(249, 0.29419188986125117) 
(367, 0.2940682220887732) 
(145, 0.2937800678886023) 
(427, 0.2937252453893462) 
(124, 0.29353352766658747) 
(179, 0.29164353506210094) 
 
# Top 10 nodes by betweenness centrality: 
(5831, 0.015381173723591176) 
(1317, 0.014081409493490316) 
(424, 0.01391718300173535) 
(5202, 0.0115753949424324) 
(8, 0.01122435613778091) 
(1675, 0.01122420706878521) 
(6139, 0.010914924631998184) 
(1890, 0.01080855504257015) 
(125, 0.010797380403418457) 
(3, 0.009872614394265533) 
 
# Top 10 nodes by Eigenvector centrality:
(367, 0.15958696336135295)
(123, 0.15231205152783928)
(145, 0.13988740713526301)
(249, 0.1372440540306743)
(5, 0.13462821177478548)
(127, 0.13315580396804835)
(353, 0.13008785137708903)
(427, 0.1293257741253372)
(124, 0.12899170377891167)
(149, 0.1281303118107941)
 
# Top 10 nodes by Pagerank centrality: 
(6139, 0.0019551737506193624) 
(1890, 0.0016095024506786871) 
(424, 0.0014466545135060787) 
(1317, 0.0014141933760816008) 
(251, 0.001397984199265796) 
(123, 0.001375914675205964) 
(127, 0.0013559400630007554) 
(266, 0.0013243598120114054) 
(3, 0.0013236953984442342) 
(264, 0.001320543231849688) 
 
# Top 500 nodes by Clustering centrality
(506, 1.0) 
(702, 1.0) 
(3589, 1.0) 
(4223, 1.0) 
(4278, 1.0) 
(4321, 1.0) 
(5060, 1.0) 
(6287, 1.0) 
(4022, 0.6666666666666666) 
(137, 0.3333333333333333) 
(464, 0.3333333333333333) 
(536, 0.3333333333333333) 
(800, 0.3333333333333333) 
(991, 0.3333333333333333) 
(1178, 0.3333333333333333) 
(1334, 0.3333333333333333) 
(1351, 0.3333333333333333) 
(1574, 0.3333333333333333) 
(1788, 0.3333333333333333) 
(2111, 0.3333333333333333) 
(2395, 0.3333333333333333) 
(2762, 0.3333333333333333) 
(2806, 0.3333333333333333) 
(2893, 0.3333333333333333) 
(3144, 0.3333333333333333) 
(3146, 0.3333333333333333) 
(3172, 0.3333333333333333) 
(3386, 0.3333333333333333) 
(3392, 0.3333333333333333) 
(3440, 0.3333333333333333) 
(3572, 0.3333333333333333) 
(3708, 0.3333333333333333) 
(3848, 0.3333333333333333) 
(3895, 0.3333333333333333) 
(4291, 0.3333333333333333) 
(4484, 0.3333333333333333) 
(4534, 0.3333333333333333) 
(4818, 0.3333333333333333) 
(4873, 0.3333333333333333) 
(5184, 0.3333333333333333) 
(5688, 0.3333333333333333) 
(5090, 0.2545454545454545) 
(366, 0.24444444444444444) 
(4705, 0.23636363636363636) 
(4257, 0.20512820512820512) 
(1043, 0.2) 
(1494, 0.2) 
(1603, 0.2) 
(2549, 0.2) 
(3026, 0.2) 
(3672, 0.2) 
(5543, 0.2) 
(4755, 0.18181818181818182) 
(5515, 0.18181818181818182) 
(6174, 0.18181818181818182) 
(1161, 0.17777777777777778) 
(94, 0.16666666666666666) 
(221, 0.16666666666666666) 
(272, 0.16666666666666666) 
(336, 0.16666666666666666) 
(1184, 0.16666666666666666) 
(1364, 0.16666666666666666) 
(1384, 0.16666666666666666) 
(2046, 0.16666666666666666) 
(2412, 0.16666666666666666) 
(2502, 0.16666666666666666) 
(2536, 0.16666666666666666) 
(2541, 0.16666666666666666) 
(2606, 0.16666666666666666) 
(2923, 0.16666666666666666) 
(2995, 0.16666666666666666) 
(3170, 0.16666666666666666) 
(3439, 0.16666666666666666) 
(3544, 0.16666666666666666) 
(3608, 0.16666666666666666) 
(4286, 0.16666666666666666) 
(4453, 0.16666666666666666) 
(4980, 0.16666666666666666) 
(5414, 0.16666666666666666) 
(1473, 0.16363636363636364) 
(4220, 0.16363636363636364) 
(4279, 0.16363636363636364) 
(4482, 0.16363636363636364) 
(5263, 0.16363636363636364) 
(5819, 0.16363636363636364) 
(3757, 0.15555555555555556) 
(1259, 0.15384615384615385) 
(2217, 0.15384615384615385) 
(2627, 0.15151515151515152) 
(3577, 0.15151515151515152) 
(4032, 0.15151515151515152) 
(4751, 0.15151515151515152) 
(5724, 0.15151515151515152) 
(2052, 0.14545454545454545) 
(3734, 0.14545454545454545) 
(4900, 0.14545454545454545) 
(338, 0.14285714285714285) 
(3551, 0.14102564102564102) 
(4260, 0.14102564102564102) 
(3537, 0.13636363636363635) 
(2060, 0.13333333333333333) 
(3922, 0.13333333333333333) 
(5590, 0.13333333333333333) 
(5834, 0.13333333333333333) 
(5928, 0.13333333333333333) 
(1537, 0.1282051282051282) 
(2699, 0.1282051282051282) 
(2873, 0.1282051282051282) 
(1393, 0.12727272727272726) 
(1732, 0.12727272727272726) 
(2224, 0.12727272727272726) 
(3276, 0.12727272727272726) 
(3673, 0.12727272727272726) 
(3910, 0.12727272727272726) 
(4174, 0.12727272727272726) 
(4399, 0.12727272727272726) 
(5498, 0.12727272727272726) 
(5654, 0.12727272727272726) 
(371, 0.12121212121212122) 
(1284, 0.12121212121212122) 
(1884, 0.12121212121212122) 
(1934, 0.12121212121212122) 
(2047, 0.12121212121212122) 
(3495, 0.12121212121212122) 
(4187, 0.12121212121212122) 
(5267, 0.12121212121212122) 
(5978, 0.12121212121212122) 
(36, 0.11538461538461539) 
(845, 0.11538461538461539) 
(3937, 0.11538461538461539) 
(1929, 0.11428571428571428) 
(1113, 0.1111111111111111) 
(1907, 0.1111111111111111) 
(2178, 0.1111111111111111) 
(3040, 0.1111111111111111) 
(3471, 0.1111111111111111) 
(6081, 0.1111111111111111) 
(1310, 0.10989010989010989) 
(2020, 0.10989010989010989) 
(1885, 0.10909090909090909) 
(2501, 0.10909090909090909) 
(3505, 0.10909090909090909) 
(4112, 0.10909090909090909) 
(4874, 0.10909090909090909) 
(5044, 0.10909090909090909) 
(5245, 0.10909090909090909) 
(5950, 0.10909090909090909) 
(504, 0.10606060606060606) 
(1388, 0.10606060606060606) 
(1550, 0.10606060606060606) 
(1676, 0.10606060606060606) 
(2374, 0.10606060606060606) 
(3258, 0.10606060606060606) 
(3348, 0.10606060606060606) 
(4003, 0.10606060606060606) 
(5792, 0.10606060606060606) 
(1417, 0.10256410256410256) 
(1739, 0.10256410256410256) 
(91, 0.1) 
(365, 0.1) 
(474, 0.1) 
(763, 0.1) 
(808, 0.1) 
(1327, 0.1) 
(1607, 0.1) 
(2064, 0.1) 
(2249, 0.1) 
(2479, 0.1) 
(2628, 0.1) 
(2662, 0.1) 
(2746, 0.1) 
(2752, 0.1) 
(2953, 0.1) 
(3002, 0.1) 
(3431, 0.1) 
(3710, 0.1) 
(3951, 0.1) 
(4128, 0.1) 
(4455, 0.1) 
(4540, 0.1) 
(4999, 0.1) 
(5911, 0.1) 
(30, 0.0989010989010989) 
(2066, 0.0989010989010989) 
(3077, 0.0989010989010989) 
(4164, 0.0989010989010989) 
(937, 0.09558823529411764) 
(1647, 0.09523809523809523) 
(2359, 0.09523809523809523) 
(2779, 0.09523809523809523) 
(3448, 0.09523809523809523) 
(3772, 0.09523809523809523) 
(2193, 0.09166666666666666) 
(3213, 0.09166666666666666) 
(401, 0.09090909090909091) 
(720, 0.09090909090909091) 
(1586, 0.09090909090909091) 
(1784, 0.09090909090909091) 
(2096, 0.09090909090909091) 
(2243, 0.09090909090909091) 
(2252, 0.09090909090909091) 
(2286, 0.09090909090909091) 
(2712, 0.09090909090909091) 
(2879, 0.09090909090909091) 
(2986, 0.09090909090909091) 
(3009, 0.09090909090909091) 
(3059, 0.09090909090909091) 
(3452, 0.09090909090909091) 
(3553, 0.09090909090909091) 
(4197, 0.09090909090909091) 
(4211, 0.09090909090909091) 
(5478, 0.09090909090909091) 
(5893, 0.09090909090909091) 
(6138, 0.09090909090909091) 
(6181, 0.09090909090909091) 
(172, 0.08974358974358974) 
(930, 0.08974358974358974) 
(986, 0.08974358974358974) 
(3323, 0.08974358974358974) 
(3403, 0.08974358974358974) 
(4113, 0.08974358974358974) 
(5452, 0.08974358974358974) 
(421, 0.08888888888888889) 
(1046, 0.08888888888888889) 
(1723, 0.08888888888888889) 
(3945, 0.08888888888888889) 
(6067, 0.08888888888888889) 
(101, 0.08791208791208792) 
(485, 0.08791208791208792) 
(1258, 0.08571428571428572) 
(1564, 0.08571428571428572) 
(4111, 0.08571428571428572) 
(4303, 0.08571428571428572) 
(2015, 0.08333333333333333) 
(628, 0.07692307692307693) 
(1602, 0.07692307692307693) 
(1904, 0.07692307692307693) 
(2261, 0.07692307692307693) 
(2490, 0.07692307692307693) 
(2770, 0.07692307692307693) 
(2790, 0.07692307692307693) 
(2819, 0.07692307692307693) 
(3088, 0.07692307692307693) 
(3142, 0.07692307692307693) 
(3417, 0.07692307692307693) 
(5281, 0.07692307692307693) 
(5338, 0.07692307692307693) 
(2767, 0.0761904761904762) 
(425, 0.07575757575757576) 
(557, 0.07575757575757576) 
(1290, 0.07575757575757576) 
(1352, 0.07575757575757576) 
(1394, 0.07575757575757576) 
(1601, 0.07575757575757576) 
(2056, 0.07575757575757576) 
(2146, 0.07575757575757576) 
(2529, 0.07575757575757576) 
(2679, 0.07575757575757576) 
(3356, 0.07575757575757576) 
(3515, 0.07575757575757576) 
(3820, 0.07575757575757576) 
(3948, 0.07575757575757576) 
(4016, 0.07575757575757576) 
(4114, 0.07575757575757576) 
(4306, 0.07575757575757576) 
(4636, 0.07575757575757576) 
(5014, 0.07575757575757576) 
(5236, 0.07575757575757576) 
(753, 0.07509881422924901) 
(2621, 0.075) 
(3058, 0.075) 
(195, 0.07272727272727272) 
(646, 0.07272727272727272) 
(984, 0.07272727272727272) 
(3011, 0.07272727272727272) 
(3043, 0.07272727272727272) 
(3693, 0.07272727272727272) 
(4179, 0.07272727272727272) 
(4470, 0.07272727272727272) 
(5137, 0.07272727272727272) 
(5201, 0.07272727272727272) 
(5359, 0.07272727272727272) 
(5418, 0.07272727272727272) 
(6132, 0.07272727272727272) 
(1458, 0.07017543859649122) 
(15, 0.06666666666666667) 
(200, 0.06666666666666667) 
(609, 0.06666666666666667) 
(698, 0.06666666666666667) 
(714, 0.06666666666666667) 
(947, 0.06666666666666667) 
(1177, 0.06666666666666667) 
(1194, 0.06666666666666667) 
(1679, 0.06666666666666667) 
(1711, 0.06666666666666667) 
(2194, 0.06666666666666667) 
(2652, 0.06666666666666667) 
(3035, 0.06666666666666667) 
(3249, 0.06666666666666667) 
(3786, 0.06666666666666667) 
(3976, 0.06666666666666667) 
(4248, 0.06666666666666667) 
(4275, 0.06666666666666667) 
(4358, 0.06666666666666667) 
(5332, 0.06666666666666667) 
(5457, 0.06666666666666667) 
(5532, 0.06666666666666667) 
(5537, 0.06666666666666667) 
(5785, 0.06666666666666667) 
(5809, 0.06666666666666667) 
(6092, 0.06666666666666667) 
(6277, 0.06666666666666667) 
(6288, 0.06666666666666667) 
(314, 0.06593406593406594) 
(1094, 0.06593406593406594) 
(2453, 0.06593406593406594) 
(2860, 0.06593406593406594) 
(2901, 0.06593406593406594) 
(391, 0.06535947712418301) 
(2407, 0.0641025641025641) 
(3459, 0.0641025641025641) 
(4330, 0.0641025641025641) 
(4472, 0.0641025641025641) 
(120, 0.06060606060606061) 
(716, 0.06060606060606061) 
(1485, 0.06060606060606061) 
(2333, 0.06060606060606061) 
(2728, 0.06060606060606061) 
(3236, 0.06060606060606061) 
(3484, 0.06060606060606061) 
(3883, 0.06060606060606061) 
(3890, 0.06060606060606061) 
(3997, 0.06060606060606061) 
(4227, 0.06060606060606061) 
(4263, 0.06060606060606061) 
(4405, 0.06060606060606061) 
(4490, 0.06060606060606061) 
(5339, 0.06060606060606061) 
(820, 0.058823529411764705) 
(1561, 0.05714285714285714) 
(1600, 0.05714285714285714) 
(2032, 0.05714285714285714) 
(3856, 0.05714285714285714) 
(810, 0.05555555555555555) 
(940, 0.05555555555555555) 
(3617, 0.05555555555555555) 
(3677, 0.05555555555555555) 
(507, 0.054945054945054944) 
(759, 0.054945054945054944) 
(2750, 0.054945054945054944) 
(2797, 0.054945054945054944) 
(3233, 0.054945054945054944) 
(3479, 0.054945054945054944) 
(377, 0.05454545454545454) 
(574, 0.05454545454545454) 
(701, 0.05454545454545454) 
(1319, 0.05454545454545454) 
(1813, 0.05454545454545454) 
(2290, 0.05454545454545454) 
(2807, 0.05454545454545454) 
(3042, 0.05454545454545454) 
(4228, 0.05454545454545454) 
(4532, 0.05454545454545454) 
(4988, 0.05454545454545454) 
(6077, 0.05454545454545454) 
(1412, 0.05263157894736842) 
(7, 0.05254237288135593) 
(605, 0.05228758169934641) 
(1129, 0.051470588235294115) 
(378, 0.05128205128205128) 
(2079, 0.05128205128205128) 
(2796, 0.05128205128205128) 
(2900, 0.05128205128205128) 
(4445, 0.05128205128205128) 
(4508, 0.05128205128205128) 
(4740, 0.05128205128205128) 
(4784, 0.05128205128205128) 
(141, 0.05) 
(9, 0.049094097019286964) 
(5, 0.0484866294446077) 
(274, 0.047619047619047616) 
(347, 0.047619047619047616) 
(407, 0.047619047619047616) 
(452, 0.047619047619047616) 
(505, 0.047619047619047616) 
(518, 0.047619047619047616) 
(581, 0.047619047619047616) 
(928, 0.047619047619047616) 
(1085, 0.047619047619047616) 
(1398, 0.047619047619047616) 
(1627, 0.047619047619047616) 
(1726, 0.047619047619047616) 
(1728, 0.047619047619047616) 
(1808, 0.047619047619047616) 
(2330, 0.047619047619047616) 
(2583, 0.047619047619047616) 
(2733, 0.047619047619047616) 
(2941, 0.047619047619047616) 
(3080, 0.047619047619047616) 
(3221, 0.047619047619047616) 
(3292, 0.047619047619047616) 
(3607, 0.047619047619047616) 
(3850, 0.047619047619047616) 
(3897, 0.047619047619047616) 
(4467, 0.047619047619047616) 
(4854, 0.047619047619047616) 
(4894, 0.047619047619047616) 
(924, 0.04710144927536232) 
(367, 0.04621368107984443) 
(155, 0.045454545454545456) 
(1082, 0.045454545454545456) 
(1176, 0.045454545454545456) 
(1433, 0.045454545454545456) 
(1992, 0.045454545454545456) 
(2748, 0.045454545454545456) 
(2829, 0.045454545454545456) 
(2903, 0.045454545454545456) 
(3946, 0.045454545454545456) 
(4276, 0.045454545454545456) 
(4353, 0.045454545454545456) 
(4598, 0.045454545454545456) 
(5895, 0.045454545454545456) 
(177, 0.0451152223304122) 
(56, 0.044444444444444446) 
(752, 0.044444444444444446) 
(992, 0.044444444444444446) 
(1339, 0.044444444444444446) 
(1625, 0.044444444444444446) 
(1785, 0.044444444444444446) 
(3529, 0.044444444444444446) 
(3979, 0.044444444444444446) 
(4234, 0.044444444444444446) 
(4301, 0.044444444444444446) 
(4650, 0.044444444444444446) 
(4949, 0.044444444444444446) 
(4995, 0.044444444444444446) 
(5386, 0.044444444444444446) 
(1235, 0.04411764705882353) 
(1881, 0.04411764705882353) 
(343, 0.04395604395604396) 
(345, 0.04395604395604396) 
(1135, 0.04395604395604396) 
(1431, 0.04395604395604396) 
(2053, 0.04395604395604396) 
(2176, 0.04395604395604396) 
(2312, 0.04395604395604396) 
(2313, 0.04395604395604396) 
(2548, 0.04395604395604396) 
(2751, 0.04395604395604396) 
(3587, 0.04395604395604396) 
(4160, 0.04395604395604396) 
(174, 0.04381846635367762) 
(353, 0.04335443037974684) 
(145, 0.04269662921348315) 
(147, 0.04175438596491228) 
(751, 0.041666666666666664) 
(1430, 0.041666666666666664) 
(4382, 0.041666666666666664) 
(426, 0.04093567251461988) 
(1245, 0.0406885758998435) 
(149, 0.040229885057471264) 
(123, 0.039733676975945015) 
(762, 0.03908045977011494) 
(434, 0.038461538461538464) 
(830, 0.038461538461538464) 
(919, 0.038461538461538464) 
(1559, 0.038461538461538464) 
(1948, 0.038461538461538464) 
(2414, 0.038461538461538464) 
(2822, 0.038461538461538464) 
(2922, 0.038461538461538464) 
(3269, 0.038461538461538464) 
(3815, 0.038461538461538464) 
(3912, 0.038461538461538464) 
(4051, 0.038461538461538464) 
(4388, 0.038461538461538464) 
(4502, 0.038461538461538464) 
(5352, 0.038461538461538464) 
(132, 0.0380952380952381) 
(703, 0.0380952380952381) 
(3963, 0.0380952380952381) 
(4002, 0.0380952380952381) 
(856, 0.03751065643648764) 
(124, 0.03688853247794707) 
(665, 0.03676470588235294) 
(2670, 0.03676470588235294) 
(265, 0.03666666666666667) 
(160, 0.03636363636363636) 
(541, 0.03636363636363636) 
(599, 0.03636363636363636) 
(709, 0.03636363636363636) 
(1230, 0.03636363636363636) 
(1687, 0.03636363636363636) 
(1780, 0.03636363636363636) 
(1806, 0.03636363636363636) 
(2510, 0.03636363636363636) 
(2544, 0.03636363636363636) 
(3034, 0.03636363636363636) 
(3041, 0.03636363636363636) 
(4277, 0.03636363636363636) 
(4465, 0.03636363636363636) 
(5045, 0.03636363636363636) 
(5147, 0.03636363636363636) 
(5410, 0.03636363636363636) 
(5538, 0.03636363636363636) 
(427, 0.036141636141636145) 
(143, 0.03580246913580247) 
(1122, 0.03571428571428571) 
(1762, 0.03571428571428571) 
(2218, 0.03571428571428571) 
(2398, 0.03571428571428571) 
(2869, 0.03571428571428571) 
(3362, 0.03571428571428571) 
(3728, 0.03571428571428571) 
(4655, 0.03571428571428571) 
(4771, 0.03571428571428571) 
(249, 0.03545568039950062) 
(369, 0.03442879499217527) 
(423, 0.03365384615384615) 
(144, 0.03343070431678027) 
(311, 0.03333333333333333) 
(864, 0.03333333333333333) 
(1786, 0.03333333333333333) 
(2885, 0.03333333333333333) 
(2886, 0.03333333333333333) 
(389, 0.03296703296703297) 
(2350, 0.03296703296703297) 
(2392, 0.03296703296703297) 
(4103, 0.03296703296703297) 
(4280, 0.03296703296703297) 
(4419, 0.03296703296703297) 
(582, 0.032679738562091505) 
(1487, 0.032679738562091505) 
(1868, 0.031578947368421054) 
(270, 0.030303030303030304) 
(704, 0.030303030303030304) 
(837, 0.030303030303030304) 
(1059, 0.030303030303030304) 
(1068, 0.030303030303030304) 
(1301, 0.030303030303030304) 
(1409, 0.030303030303030304) 
(1704, 0.030303030303030304) 
(2153, 0.030303030303030304) 
(2861, 0.030303030303030304) 
(2992, 0.030303030303030304) 
(3032, 0.030303030303030304) 
(3098, 0.030303030303030304) 
(3225, 0.030303030303030304) 
(3843, 0.030303030303030304) 
(3893, 0.030303030303030304) 
(4081, 0.030303030303030304) 
(4139, 0.030303030303030304) 
(4338, 0.030303030303030304) 
(5029, 0.030303030303030304) 
(5083, 0.030303030303030304) 
(5187, 0.030303030303030304) 
(5962, 0.030303030303030304) 
(6171, 0.030303030303030304) 
(146, 0.030264279624893437) 
(179, 0.029746835443037974) 
(303, 0.029411764705882353) 
(1531, 0.029411764705882353) 
(558, 0.02926829268292683) 
(176, 0.02882882882882883) 
(717, 0.02882205513784461) 
(92, 0.02857142857142857) 
(246, 0.02857142857142857) 
(572, 0.02857142857142857) 
(909, 0.02857142857142857) 
(1305, 0.02857142857142857) 
(2038, 0.02857142857142857) 
(2221, 0.02857142857142857) 
(309, 0.027777777777777776) 
(710, 0.027777777777777776) 
(719, 0.027777777777777776) 
(1123, 0.027777777777777776) 
(1260, 0.027777777777777776) 
(2547, 0.027777777777777776) 
(2579, 0.027777777777777776) 
(2936, 0.027777777777777776) 
(4639, 0.027777777777777776) 
(4844, 0.027777777777777776) 
(148, 0.027682843472317156) 
(127, 0.027547592385218363) 
(754, 0.027149321266968326) 
(1199, 0.02631578947368421) 
(756, 0.026143790849673203) 
(1246, 0.025974025974025976) 
(276, 0.02564102564102564) 
(348, 0.02564102564102564) 
(386, 0.02564102564102564) 
(534, 0.02564102564102564) 
(990, 0.02564102564102564) 
(1192, 0.02564102564102564) 
(1198, 0.02564102564102564) 
(1426, 0.02564102564102564) 
(1855, 0.02564102564102564) 
(2037, 0.02564102564102564) 
(2087, 0.02564102564102564) 
(2293, 0.02564102564102564) 
(2325, 0.02564102564102564) 
(2492, 0.02564102564102564) 
(2716, 0.02564102564102564) 
(3405, 0.02564102564102564) 
(3480, 0.02564102564102564) 
(3526, 0.02564102564102564) 
(3552, 0.02564102564102564) 
(3926, 0.02564102564102564) 
(4839, 0.02564102564102564) 
(5425, 0.02564102564102564) 
(5542, 0.02564102564102564) 
(298, 0.025) 
(346, 0.025) 
(356, 0.025) 
(855, 0.025) 
(1504, 0.025) 
(1706, 0.025) 
(2465, 0.025) 
(2719, 0.025) 
(352, 0.024050632911392405) 
(238, 0.023529411764705882) 
(261, 0.022222222222222223) 
(477, 0.022222222222222223) 
(889, 0.022222222222222223) 
(961, 0.022222222222222223) 
(1047, 0.022222222222222223) 
(1087, 0.022222222222222223) 
(1172, 0.022222222222222223) 
(1174, 0.022222222222222223) 
(1247, 0.022222222222222223) 
(1288, 0.022222222222222223) 
(1326, 0.022222222222222223) 
(1456, 0.022222222222222223) 
(1520, 0.022222222222222223) 
(1539, 0.022222222222222223) 
(1582, 0.022222222222222223) 
(1877, 0.022222222222222223) 
(2361, 0.022222222222222223) 
(2591, 0.022222222222222223) 
(2710, 0.022222222222222223) 
(3255, 0.022222222222222223) 
(4200, 0.022222222222222223) 
(4300, 0.022222222222222223) 
(4456, 0.022222222222222223) 
(4463, 0.022222222222222223) 
(5404, 0.022222222222222223) 
(5443, 0.022222222222222223) 
(5726, 0.022222222222222223) 
(5763, 0.022222222222222223) 
(6006, 0.022222222222222223) 
(6175, 0.022222222222222223) 
(6273, 0.022222222222222223) 
(2018, 0.022198731501057084) 
(20, 0.022058823529411766) 
(440, 0.022058823529411766) 
(4793, 0.022058823529411766) 
(11, 0.02197802197802198) 
(152, 0.02197802197802198) 
(874, 0.02197802197802198) 
(906, 0.02197802197802198) 
(922, 0.02197802197802198) 
(1029, 0.02197802197802198) 
(1144, 0.02197802197802198) 
(1162, 0.02197802197802198) 
(1397, 0.02197802197802198) 
(1414, 0.02197802197802198) 
(1557, 0.02197802197802198) 
(2049, 0.02197802197802198) 
(2112, 0.02197802197802198) 
(2362, 0.02197802197802198) 
(2575, 0.02197802197802198) 
(3190, 0.02197802197802198) 
(3819, 0.02197802197802198) 
(3921, 0.02197802197802198) 
(4206, 0.02197802197802198) 
(4438, 0.02197802197802198) 
(4813, 0.02197802197802198) 
(5988, 0.02197802197802198) 
(1867, 0.021739130434782608) 
(264, 0.021245421245421246) 
(666, 0.020161290322580645) 
(122, 0.019798766634209673) 
(390, 0.019798766634209673) 
(250, 0.01950354609929078) 
(255, 0.01904761904761905) 
(263, 0.01904761904761905) 
(548, 0.01904761904761905) 
(945, 0.01904761904761905) 
(1547, 0.01904761904761905) 
(1620, 0.01904761904761905) 
(1896, 0.01904761904761905) 
(2007, 0.01904761904761905) 
(2226, 0.01904761904761905) 
(2337, 0.01904761904761905) 
(2384, 0.01904761904761905) 
(2634, 0.01904761904761905) 
(2798, 0.01904761904761905) 
(3023, 0.01904761904761905) 
(3081, 0.01904761904761905) 
(3409, 0.01904761904761905) 
(3635, 0.01904761904761905) 
(5510, 0.01904761904761905) 
(4, 0.01875532821824382) 
(586, 0.018461538461538463) 
(218, 0.01818181818181818) 
(225, 0.01818181818181818) 
(284, 0.01818181818181818) 
(300, 0.01818181818181818) 
(340, 0.01818181818181818) 
(449, 0.01818181818181818) 
(450, 0.01818181818181818) 
(499, 0.01818181818181818) 
(533, 0.01818181818181818) 
(724, 0.01818181818181818) 
(725, 0.01818181818181818) 
(788, 0.01818181818181818) 
(887, 0.01818181818181818) 
(923, 0.01818181818181818) 
(1061, 0.01818181818181818) 
(1063, 0.01818181818181818) 
(1155, 0.01818181818181818) 
(1379, 0.01818181818181818) 
(1440, 0.01818181818181818) 
(1566, 0.01818181818181818) 
(1673, 0.01818181818181818) 
(1746, 0.01818181818181818) 
(1844, 0.01818181818181818) 
(2077, 0.01818181818181818) 
(2092, 0.01818181818181818) 
(2195, 0.01818181818181818) 
(2304, 0.01818181818181818) 
(2578, 0.01818181818181818) 
(2938, 0.01818181818181818) 
(2939, 0.01818181818181818) 
(3024, 0.01818181818181818) 
(3061, 0.01818181818181818) 
(3163, 0.01818181818181818) 
(3176, 0.01818181818181818) 
(3208, 0.01818181818181818) 
(3284, 0.01818181818181818) 
(3315, 0.01818181818181818) 
(3373, 0.01818181818181818) 
(3560, 0.01818181818181818) 
(3564, 0.01818181818181818) 
(3579, 0.01818181818181818) 
(3615, 0.01818181818181818) 
(3690, 0.01818181818181818) 
(4008, 0.01818181818181818) 
(4021, 0.01818181818181818) 
(4140, 0.01818181818181818) 
(4204, 0.01818181818181818) 
(4222, 0.01818181818181818) 
(4274, 0.01818181818181818) 
(4417, 0.01818181818181818) 
(4567, 0.01818181818181818) 
(4745, 0.01818181818181818) 
(4792, 0.01818181818181818) 
(4833, 0.01818181818181818) 
(4902, 0.01818181818181818) 
(4903, 0.01818181818181818) 
(5078, 0.01818181818181818) 
(5131, 0.01818181818181818) 
(5226, 0.01818181818181818) 
(5253, 0.01818181818181818) 
(5255, 0.01818181818181818) 
(5326, 0.01818181818181818) 
(5644, 0.01818181818181818) 
(5677, 0.01818181818181818) 
(5716, 0.01818181818181818) 
(5821, 0.01818181818181818) 
(5951, 0.01818181818181818) 
(5981, 0.01818181818181818) 
(6062, 0.01818181818181818) 
(6094, 0.01818181818181818) 
(6196, 0.01818181818181818) 
(6245, 0.01818181818181818) 
(6258, 0.01818181818181818) 
(6279, 0.01818181818181818) 
(6293, 0.01818181818181818) 
(1670, 0.017543859649122806) 
(121, 0.017470300489168415) 
(3849, 0.017316017316017316) 
(43, 0.016666666666666666) 
(83, 0.016666666666666666) 
(326, 0.016666666666666666) 
(908, 0.016666666666666666) 
(926, 0.016666666666666666) 
(1027, 0.016666666666666666) 
(1540, 0.016666666666666666) 
(1859, 0.016666666666666666) 
(2309, 0.016666666666666666) 
(2345, 0.016666666666666666) 
(2823, 0.016666666666666666) 
(3327, 0.016666666666666666) 
(1143, 0.015789473684210527) 
(248, 0.015377657168701944) 
(39, 0.015151515151515152) 
(135, 0.015151515151515152) 
(138, 0.015151515151515152) 
(359, 0.015151515151515152) 
(364, 0.015151515151515152) 
(481, 0.015151515151515152) 
(620, 0.015151515151515152) 
(634, 0.015151515151515152) 
(635, 0.015151515151515152) 
(787, 0.015151515151515152) 
(942, 0.015151515151515152) 
(1138, 0.015151515151515152) 
(1232, 0.015151515151515152) 
(1243, 0.015151515151515152) 
(1328, 0.015151515151515152) 
(1331, 0.015151515151515152) 
(1343, 0.015151515151515152) 
(1366, 0.015151515151515152) 
(1429, 0.015151515151515152) 
(1459, 0.015151515151515152) 
(1589, 0.015151515151515152) 
(1699, 0.015151515151515152) 
(1883, 0.015151515151515152) 
(1941, 0.015151515151515152) 
(2080, 0.015151515151515152) 
(2102, 0.015151515151515152) 
(2156, 0.015151515151515152) 
(2599, 0.015151515151515152) 
(2681, 0.015151515151515152) 
(2695, 0.015151515151515152) 
(2743, 0.015151515151515152) 
(2808, 0.015151515151515152) 
(2952, 0.015151515151515152) 
(3086, 0.015151515151515152) 
(3137, 0.015151515151515152) 
(3191, 0.015151515151515152) 
(3192, 0.015151515151515152) 
(3197, 0.015151515151515152) 
(3260, 0.015151515151515152) 
(3568, 0.015151515151515152) 
(3670, 0.015151515151515152) 
(3732, 0.015151515151515152) 
(3771, 0.015151515151515152) 
(3858, 0.015151515151515152) 
(3867, 0.015151515151515152) 
(4196, 0.015151515151515152) 
(4235, 0.015151515151515152) 
(4378, 0.015151515151515152) 
(4441, 0.015151515151515152) 
(4606, 0.015151515151515152) 
(4619, 0.015151515151515152) 
(4693, 0.015151515151515152) 
(4732, 0.015151515151515152) 
(4810, 0.015151515151515152) 
(5129, 0.015151515151515152) 
(5224, 0.015151515151515152) 
(5378, 0.015151515151515152) 
(5572, 0.015151515151515152) 
(5616, 0.015151515151515152) 
(5629, 0.015151515151515152) 
(5824, 0.015151515151515152) 
(5976, 0.015151515151515152) 
(6023, 0.015151515151515152) 
(6046, 0.015151515151515152) 
(6095, 0.015151515151515152) 
(251, 0.014896214896214897) 
(49, 0.014705882352941176) 
(494, 0.014705882352941176) 
(1217, 0.014705882352941176) 
(1923, 0.014705882352941176) 
(2399, 0.014705882352941176) 
(3441, 0.014705882352941176) 
(128, 0.014693877551020407) 
(113, 0.014285714285714285) 
(1297, 0.014285714285714285) 
(247, 0.013664596273291925) 
(31, 0.013513513513513514) 
(351, 0.013333333333333334) 
(1317, 0.013278855975485188) 
(219, 0.013071895424836602) 
(695, 0.013071895424836602) 
(732, 0.013071895424836602) 
(1212, 0.013071895424836602) 
(1541, 0.012987012987012988) 
(130, 0.01282051282051282) 
(173, 0.01282051282051282) 
(288, 0.01282051282051282) 
(339, 0.01282051282051282) 
(355, 0.01282051282051282) 
(363, 0.01282051282051282) 
(528, 0.01282051282051282) 
(801, 0.01282051282051282) 
(863, 0.01282051282051282) 
(894, 0.01282051282051282) 
(898, 0.01282051282051282) 
(938, 0.01282051282051282) 
(946, 0.01282051282051282) 
(988, 0.01282051282051282) 
(1086, 0.01282051282051282) 
(1163, 0.01282051282051282) 
(1165, 0.01282051282051282) 
(1323, 0.01282051282051282) 
(1338, 0.01282051282051282) 
(1401, 0.01282051282051282) 
(1535, 0.01282051282051282) 
(1650, 0.01282051282051282) 
(1654, 0.01282051282051282) 
(1917, 0.01282051282051282) 
(1920, 0.01282051282051282) 
(1958, 0.01282051282051282) 
(2075, 0.01282051282051282) 
(2299, 0.01282051282051282) 
(2332, 0.01282051282051282) 
(2343, 0.01282051282051282) 
(2356, 0.01282051282051282) 
(2463, 0.01282051282051282) 
(2498, 0.01282051282051282) 
(2554, 0.01282051282051282) 
(2629, 0.01282051282051282) 
(2639, 0.01282051282051282) 
(2735, 0.01282051282051282) 
(2787, 0.01282051282051282) 
(2821, 0.01282051282051282) 
(2997, 0.01282051282051282) 
(3003, 0.01282051282051282) 
(3117, 0.01282051282051282) 
(3259, 0.01282051282051282) 
(3337, 0.01282051282051282) 
(3346, 0.01282051282051282) 
(3433, 0.01282051282051282) 
(3466, 0.01282051282051282) 
(3571, 0.01282051282051282) 
(3634, 0.01282051282051282) 
(3654, 0.01282051282051282) 
(3726, 0.01282051282051282) 
(3866, 0.01282051282051282) 
(3934, 0.01282051282051282) 
(3991, 0.01282051282051282) 
(4170, 0.01282051282051282) 
(4183, 0.01282051282051282) 
(4193, 0.01282051282051282) 
(4282, 0.01282051282051282) 
(4355, 0.01282051282051282) 
(4434, 0.01282051282051282) 
(4553, 0.01282051282051282) 
(4733, 0.01282051282051282) 
(4752, 0.01282051282051282) 
(4825, 0.01282051282051282) 
(4846, 0.01282051282051282) 
(4914, 0.01282051282051282) 
(5110, 0.01282051282051282) 
(5220, 0.01282051282051282) 
(5321, 0.01282051282051282) 
(5406, 0.01282051282051282) 
(368, 0.012663952962460425) 
(2001, 0.012121212121212121) 
(126, 0.012048192771084338) 
(637, 0.011695906432748537) 
(1402, 0.011695906432748537) 
(559, 0.011228070175438596) 
(180, 0.01107419712070875) 
(252, 0.01103896103896104) 
(111, 0.01098901098901099) 
(196, 0.01098901098901099) 
(473, 0.01098901098901099) 
(715, 0.01098901098901099) 
(760, 0.01098901098901099) 
(777, 0.01098901098901099) 
(869, 0.01098901098901099) 
(870, 0.01098901098901099) 
(873, 0.01098901098901099) 
(967, 0.01098901098901099) 
(1223, 0.01098901098901099) 
(1227, 0.01098901098901099) 
(1289, 0.01098901098901099) 
(1400, 0.01098901098901099) 
(1644, 0.01098901098901099) 
(1658, 0.01098901098901099) 
(1750, 0.01098901098901099) 
(1765, 0.01098901098901099) 
(1772, 0.01098901098901099) 
(1891, 0.01098901098901099) 
(1946, 0.01098901098901099) 
(1999, 0.01098901098901099) 
(2709, 0.01098901098901099) 
(2761, 0.01098901098901099) 
(3179, 0.01098901098901099) 
(3207, 0.01098901098901099) 
(3312, 0.01098901098901099) 
(3407, 0.01098901098901099) 
(3716, 0.01098901098901099) 
(3962, 0.01098901098901099) 
(4068, 0.01098901098901099) 
(4297, 0.01098901098901099) 
(4723, 0.01098901098901099) 
(5016, 0.01098901098901099) 
(3981, 0.010869565217391304) 
(125, 0.01084010840108401) 
(422, 0.01084010840108401) 
(503, 0.010526315789473684) 
(1573, 0.010526315789473684) 
(1866, 0.010526315789473684) 
(4285, 0.010526315789473684) 
(266, 0.010012210012210013) 
(32, 0.009523809523809525) 
(73, 0.009523809523809525) 
(243, 0.009523809523809525) 
(280, 0.009523809523809525) 
(686, 0.009523809523809525) 
(699, 0.009523809523809525) 
(726, 0.009523809523809525) 
(858, 0.009523809523809525) 
(910, 0.009523809523809525) 
(1025, 0.009523809523809525) 
(1173, 0.009523809523809525) 
(1228, 0.009523809523809525) 
(1522, 0.009523809523809525) 
(1724, 0.009523809523809525) 
(1882, 0.009523809523809525) 
(1968, 0.009523809523809525) 
(2024, 0.009523809523809525) 
(2115, 0.009523809523809525) 
(2420, 0.009523809523809525) 
(2546, 0.009523809523809525) 
(2635, 0.009523809523809525) 
(2666, 0.009523809523809525) 
(3733, 0.009523809523809525) 
(3801, 0.009523809523809525) 
(4295, 0.009523809523809525) 
(4654, 0.009523809523809525) 
(5211, 0.009523809523809525) 
(1382, 0.00946969696969697) 
(989, 0.009195402298850575) 
(1749, 0.008658008658008658) 
(175, 0.008391608391608392) 
(165, 0.008333333333333333) 
(253, 0.008333333333333333) 
(285, 0.008333333333333333) 
(381, 0.008333333333333333) 
(469, 0.008333333333333333) 
(553, 0.008333333333333333) 
(659, 0.008333333333333333) 
(866, 0.008333333333333333) 
(881, 0.008333333333333333) 
(1333, 0.008333333333333333) 
(1337, 0.008333333333333333) 
(1377, 0.008333333333333333) 
(1766, 0.008333333333333333) 
(2148, 0.008333333333333333) 
(2275, 0.008333333333333333) 
(2324, 0.008333333333333333) 
(2411, 0.008333333333333333) 
(2425, 0.008333333333333333) 
(2723, 0.008333333333333333) 
(2875, 0.008333333333333333) 
(2881, 0.008333333333333333) 
(2906, 0.008333333333333333) 
(3096, 0.008333333333333333) 
(3304, 0.008333333333333333) 
(3, 0.008286554397219995) 
(667, 0.008173076923076924) 
(852, 0.007905138339920948) 
(178, 0.007352941176470588) 
(1805, 0.007352941176470588) 
(2358, 0.007352941176470588) 
(2847, 0.007352941176470588) 
(2898, 0.007352941176470588) 
(3699, 0.007352941176470588) 
(3767, 0.007352941176470588) 
(8, 0.00717154331612163) 
(17, 0.006747638326585695) 
(769, 0.006535947712418301) 
(1255, 0.006535947712418301) 
(1383, 0.006535947712418301) 
(1926, 0.006535947712418301) 
(1974, 0.006535947712418301) 
(3220, 0.006535947712418301) 
(424, 0.006450071667462972) 
(108, 0.005847953216374269) 
(257, 0.005847953216374269) 
(531, 0.005847953216374269) 
(2114, 0.005847953216374269) 
(2360, 0.005847953216374269) 
(2500, 0.005847953216374269) 
(3813, 0.005847953216374269) 
(5545, 0.005847953216374269) 
(1787, 0.005698005698005698) 
(21, 0.005263157894736842) 
(629, 0.005263157894736842) 
(1084, 0.005263157894736842) 
(1956, 0.005263157894736842) 
(5831, 0.00510204081632653) 
(736, 0.004761904761904762) 
(1424, 0.004761904761904762) 
(5202, 0.004625346901017576) 
(527, 0.004329004329004329) 
(554, 0.004032258064516129) 
(1534, 0.003952569169960474) 
(2377, 0.003952569169960474) 
(2612, 0.003952569169960474) 
(133, 0.0036231884057971015) 
(892, 0.0036231884057971015) 
(804, 0.0033333333333333335) 
(1022, 0.0033333333333333335) 
(2614, 0.0033333333333333335) 
(697, 0.0024390243902439024) 
(38, 0.0022988505747126436) 
(2852, 0.0022988505747126436) 
(129, 0.002012072434607646) 
(1675, 0.0016326530612244899) 
(1890, 0.0011074197120708748) 
(0, 0) 
(1, 0) 
(2, 0) 
(6, 0) 
(10, 0) 
(12, 0) 
(13, 0) 
(14, 0) 
(16, 0) 
(18, 0) 
(19, 0) 
(22, 0) 
(23, 0) 
(24, 0) 
(25, 0) 
(26, 0) 
(27, 0) 
(28, 0) 
(29, 0) 
(33, 0) 
(34, 0) 
(35, 0) 
(37, 0) 
(40, 0) 
(41, 0) 
(42, 0) 
(44, 0) 
(45, 0) 
(46, 0) 
(47, 0) 
(48, 0) 
(50, 0) 
(51, 0) 
(52, 0) 
(53, 0) 
(54, 0) 
(55, 0) 
(57, 0) 
(58, 0) 
(59, 0) 
(60, 0) 
(61, 0) 
(62, 0) 
(63, 0) 
(64, 0) 
(65, 0) 
(66, 0) 
(67, 0) 
(68, 0) 
(69, 0) 
(70, 0) 
(71, 0) 
(72, 0) 
(74, 0) 
(75, 0) 
(76, 0) 
(77, 0) 
(78, 0) 
(79, 0) 
(80, 0) 
(81, 0) 
(82, 0) 
(84, 0) 
(85, 0) 
(86, 0) 
(87, 0) 
(88, 0) 
(89, 0) 
(90, 0) 
(93, 0) 
(95, 0) 
(96, 0) 
(97, 0) 
(98, 0) 
(99, 0) 
(100, 0) 
(102, 0) 
(103, 0) 
(104, 0) 
(105, 0) 
(106, 0) 
(107, 0) 
(109, 0) 
(110, 0) 
(112, 0) 
(114, 0) 
(115, 0) 
(116, 0) 
(117, 0) 
(118, 0) 
(119, 0) 
(131, 0) 
(134, 0) 
(136, 0) 
(139, 0) 
(140, 0) 
(142, 0) 
(150, 0) 
(151, 0) 
(153, 0) 
(154, 0) 
(156, 0) 
(157, 0) 
(158, 0) 
(159, 0) 
(161, 0) 
(162, 0) 
(163, 0) 
(164, 0) 
(166, 0) 
(167, 0) 
(168, 0) 
(169, 0) 
(170, 0) 
(171, 0) 
(181, 0) 
(182, 0) 
(183, 0) 
(184, 0) 
(185, 0) 
(186, 0) 
(187, 0) 
(188, 0) 
(189, 0) 
(190, 0) 
(191, 0) 
(192, 0) 
(193, 0) 
(194, 0) 
(197, 0) 
(198, 0) 
(199, 0) 
(201, 0) 
(202, 0) 
(203, 0) 
(204, 0) 
(205, 0) 
(206, 0) 
(207, 0) 
(208, 0) 
(209, 0) 
(210, 0) 
(211, 0) 
(212, 0) 
(213, 0) 
(214, 0) 
(215, 0) 
(216, 0) 
(217, 0) 
(220, 0) 
(222, 0) 
(223, 0) 
(224, 0) 
(226, 0) 
(227, 0) 
(228, 0) 
(229, 0) 
(230, 0) 
(231, 0) 
(232, 0) 
(233, 0) 
(234, 0) 
(235, 0) 
(236, 0) 
(237, 0) 
(239, 0) 
(240, 0) 
(241, 0) 
(242, 0) 
(244, 0) 
(245, 0) 
(254, 0) 
(256, 0) 
(258, 0) 
(259, 0) 
(260, 0) 
(262, 0) 
(267, 0) 
(268, 0) 
(269, 0) 
(271, 0) 
(273, 0) 
(275, 0) 
(277, 0) 
(278, 0) 
(279, 0) 
(281, 0) 
(282, 0) 
(283, 0) 
(286, 0) 
(287, 0) 
(289, 0) 
(290, 0) 
(291, 0) 
(292, 0) 
(293, 0) 
(294, 0) 
(295, 0) 
(296, 0) 
(297, 0) 
(299, 0) 
(301, 0) 
(302, 0) 
(304, 0) 
(305, 0) 
(306, 0) 
(307, 0) 
(308, 0) 
(310, 0) 
(312, 0) 
(313, 0) 
(315, 0) 
(316, 0) 
(317, 0) 
(318, 0) 
(319, 0) 
(320, 0) 
(321, 0) 
(322, 0) 
(323, 0) 
(324, 0) 
(325, 0) 
(327, 0) 
(328, 0) 
(329, 0) 
(330, 0) 
(331, 0) 
(332, 0) 
(333, 0) 
(334, 0) 
(335, 0) 
(337, 0) 
(341, 0) 
(342, 0) 
(344, 0) 
(349, 0) 
(350, 0) 
(354, 0) 
(357, 0) 
(358, 0) 
(360, 0) 
(361, 0) 
(362, 0) 
(370, 0) 
(372, 0) 
(373, 0) 
(374, 0) 
(375, 0) 
(376, 0) 
(379, 0) 
(380, 0) 
(382, 0) 
(383, 0) 
(384, 0) 
(385, 0) 
(387, 0) 
(388, 0) 
(392, 0) 
(393, 0) 
(394, 0) 
(395, 0) 
(396, 0) 
(397, 0) 
(398, 0) 
(399, 0) 
(400, 0) 
(402, 0) 
(403, 0) 
(404, 0) 
(405, 0) 
(406, 0) 
(408, 0) 
(409, 0) 
(410, 0) 
(411, 0) 
(412, 0) 
(413, 0) 
(414, 0) 
(415, 0) 
(416, 0) 
(417, 0) 
(418, 0) 
(419, 0) 
(420, 0) 
(428, 0) 
(429, 0) 
(430, 0) 
(431, 0) 
(432, 0) 
(433, 0) 
(435, 0) 
(436, 0) 
(437, 0) 
(438, 0) 
(439, 0) 
(441, 0) 
(442, 0) 
(443, 0) 
(444, 0) 
(445, 0) 
(446, 0) 
(447, 0) 
(448, 0) 
(451, 0) 
(453, 0) 
(454, 0) 
(455, 0) 
(456, 0) 
(457, 0) 
(458, 0) 
(459, 0) 
(460, 0) 
(461, 0) 
(462, 0) 
(463, 0) 
(465, 0) 
(466, 0) 
(467, 0) 
(468, 0) 
(470, 0) 
(471, 0) 
(472, 0) 
(475, 0) 
(476, 0) 
(478, 0) 
(479, 0) 
(480, 0) 
(482, 0) 
(483, 0) 
(484, 0) 
(486, 0) 
(487, 0) 
(488, 0) 
(489, 0) 
(490, 0) 
(491, 0) 
(492, 0) 
(493, 0) 
(495, 0) 
(496, 0) 
(497, 0) 
(498, 0) 
(500, 0) 
(501, 0) 
(502, 0) 
(508, 0) 
(509, 0) 
(510, 0) 
(511, 0) 
(512, 0) 
(513, 0) 
(514, 0) 
(515, 0) 
(516, 0) 
(517, 0) 
(519, 0) 
(520, 0) 
(521, 0) 
(522, 0) 
(523, 0) 
(524, 0) 
(525, 0) 
(526, 0) 
(529, 0) 
(530, 0) 
(532, 0) 
(535, 0) 
(537, 0) 
(538, 0) 
(539, 0) 
(540, 0) 
(542, 0) 
(543, 0) 
(544, 0) 
(545, 0) 
(546, 0) 
(547, 0) 
(549, 0) 
(550, 0) 
(551, 0) 
(552, 0) 
(555, 0) 
(556, 0) 
(560, 0) 
(561, 0) 
(562, 0) 
(563, 0) 
(564, 0) 
(565, 0) 
(566, 0) 
(567, 0) 
(568, 0) 
(569, 0) 
 
